rdr6min/data/rdr6min/output.asc
NCOLS          501       
NROWS          501       
XLLCENTER      6.00      
YLLCENTER      5.00      
DX             1.00      
DY             1.00      
NODATA_VALUE   -999.00   
[rows 360 to 395 of 501, columns 324 to 404 of 501]
0.77 0.78 0.79 0.80 0.80 0.81 0.82 0.83 0.84 0.85 0.85 0.86 0.87 0.88 0.88 0.89 0.90 0.91 0.91 0.92 0.93 0.93 0.94 0.95 0.95 0.96 0.97 0.97 0.98 0.98 0.99 0.99 1.00 1.01 1.01 1.02 1.02 1.03 1.03 1.04 1.04 1.05 1.05 1.06 1.06 1.07 1.07 1.07 1.08 1.08 1.09 1.09 1.09 1.10 1.10 1.11 1.11 1.11 1.12 1.12 1.12 1.13 1.13 1.13 1.14 1.14 1.14 1.15 1.15 1.15 1.15 1.16 1.16 1.16 1.16 1.17 1.17 1.17 1.17 1.18 1.18
0.76 0.77 0.78 0.79 0.80 0.81 0.82 0.82 0.83 0.84 0.85 0.86 0.86 0.87 0.88 0.89 0.89 0.90 0.91 0.91 0.92 0.93 0.93 0.94 0.95 0.95 0.96 0.97 0.97 0.98 0.98 0.99 0.99 1.00 1.01 1.01 1.02 1.02 1.03 1.03 1.04 1.04 1.05 1.05 1.06 1.06 1.06 1.07 1.07 1.08 1.08 1.09 1.09 1.09 1.10 1.10 1.10 1.11 1.11 1.11 1.12 1.12 1.12 1.13 1.13 1.13 1.14 1.14 1.14 1.15 1.15 1.15 1.15 1.16 1.16 1.16 1.16 1.17 1.17 1.17 1.17
0.76 0.77 0.78 0.79 0.79 0.80 0.81 0.82 0.83 0.83 0.84 0.85 0.86 0.87 0.87 0.88 0.89 0.89 0.90 0.91 0.91 0.92 0.93 0.93 0.94 0.95 0.95 0.96 0.97 0.97 0.98 0.98 0.99 0.99 1.00 1.01 1.01 1.02 1.02 1.03 1.03 1.04 1.04 1.04 1.05 1.05 1.06 1.06 1.07 1.07 1.08 1.08 1.08 1.09 1.09 1.10 1.10 1.10 1.11 1.11 1.11 1.12 1.12 1.12 1.13 1.13 1.13 1.14 1.14 1.14 1.14 1.15 1.15 1.15 1.15 1.16 1.16 1.16 1.17 1.17 1.17
0.75 0.76 0.77 0.78 0.79 0.80 0.81 0.81 0.82 0.83 0.84 0.84 0.85 0.86 0.87 0.87 0.88 0.89 0.90 0.90 0.91 0.92 0.92 0.93 0.94 0.94 0.95 0.95 0.96 0.97 0.97 0.98 0.98 0.99 0.99 1.00 1.00 1.01 1.02 1.02 1.03 1.03 1.03 1.04 1.04 1.05 1.05 1.06 1.06 1.07 1.07 1.07 1.08 1.08 1.09 1.09 1.09 1.10 1.10 1.10 1.11 1.11 1.11 1.12 1.12 1.12 1.13 1.13 1.13 1.14 1.14 1.14 1.14 1.15 1.15 1.15 1.16 1.16 1.16 1.16 1.17
0.75 0.76 0.77 0.78 0.78 0.79 0.80 0.81 0.82 0.82 0.83 0.84 0.85 0.85 0.86 0.87 0.88 0.88 0.89 0.90 0.90 0.91 0.92 0.92 0.93 0.94 0.94 0.95 0.95 0.96 0.97 0.97 0.98 0.98 0.99 0.99 1.00 1.00 1.01 1.01 1.02 1.02 1.03 1.03 1.04 1.04 1.05 1.05 1.06 1.06 1.06 1.07 1.07 1.08 1.08 1.08 1.09 1.09 1.10 1.10 1.10 1.11 1.11 1.11 1.12 1.12 1.12 1.13 1.13 1.13 1.13 1.14 1.14 1.14 1.15 1.15 1.15 1.15 1.16 1.16 1.16
0.74 0.75 0.76 0.77 0.78 0.79 0.79 0.80 0.81 0.82 0.83 0.83 0.84 0.85 0.86 0.86 0.87 0.88 0.88 0.89 0.90 0.90 0.91 0.92 0.92 0.93 0.94 0.94 0.95 0.95 0.96 0.97 0.97 0.98 0.98 0.99 0.99 1.00 1.00 1.01 1.01 1.02 1.02 1.03 1.03 1.04 1.04 1.05 1.05 1.06 1.06 1.06 1.07 1.07 1.08 1.08 1.08 1.09 1.09 1.09 1.10 1.10 1.10 1.11 1.11 1.11 1.12 1.12 1.12 1.13 1.13 1.13 1.14 1.14 1.14 1.14 1.15 1.15 1.15 1.15 1.16
0.74 0.75 0.76 0.77 0.77 0.78 0.79 0.80 0.81 0.81 0.82 0.83 0.84 0.84 0.85 0.86 0.86 0.87 0.88 0.89 0.89 0.90 0.91 0.91 0.92 0.92 0.93 0.94 0.94 0.95 0.95 0.96 0.97 0.97 0.98 0.98 0.99 0.99 1.00 1.00 1.01 1.01 1.02 1.02 1.03 1.03 1.04 1.04 1.05 1.05 1.05 1.06 1.06 1.07 1.07 1.07 1.08 1.08 1.09 1.09 1.09 1.10 1.10 1.10 1.11 1.11 1.11 1.12 1.12 1.12 1.12 1.13 1.13 1.13 1.14 1.14 1.14 1.14 1.15 1.15 1.15
0.74 0.74 0.75 0.76 0.77 0.78 0.78 0.79 0.80 0.81 0.82 0.82 0.83 0.84 0.85 0.85 0.86 0.87 0.87 0.88 0.89 0.89 0.90 0.91 0.91 0.92 0.93 0.93 0.94 0.94 0.95 0.96 0.96 0.97 0.97 0.98 0.98 0.99 0.99 1.00 1.00 1.01 1.01 1.02 1.02 1.03 1.03 1.04 1.04 1.04 1.05 1.05 1.06 1.06 1.07 1.07 1.07 1.08 1.08 1.08 1.09 1.09 1.09 1.10 1.10 1.10 1.11 1.11 1.11 1.12 1.12 1.12 1.13 1.13 1.13 1.13 1.14 1.14 1.14 1.14 1.15
0.73 0.74 0.75 0.76 0.76 0.77 0.78 0.79 0.80 0.80 0.81 0.82 0.83 0.83 0.84 0.85 0.85 0.86 0.87 0.88 0.88 0.89 0.89 0.90 0.91 0.91 0.92 0.93 0.93 0.94 0.94 0.95 0.96 0.96 0.97 0.97 0.98 0.98 0.99 0.99 1.00 1.00 1.01 1.01 1.02 1.02 1.03 1.03 1.03 1.04 1.04 1.05 1.05 1.06 1.06 1.06 1.07 1.07 1.08 1.08 1.08 1.09 1.09 1.09 1.10 1.10 1.10 1.11 1.11 1.11 1.12 1.12 1.12 1.12 1.13 1.13 1.13 1.14 1.14 1.14 1.14
0.73 0.73 0.74 0.75 0.76 0.77 0.77 0.78 0.79 0.80 0.81 0.81 0.82 0.83 0.84 0.84 0.85 0.86 0.86 0.87 0.88 0.88 0.89 0.90 0.90 0.91 0.91 0.92 0.93 0.93 0.94 0.94 0.95 0.96 0.96 0.97 0.97 0.98 0.98 0.99 0.99 1.00 1.00 1.01 1.01 1.02 1.02 1.03 1.03 1.03 1.04 1.04 1.05 1.05 1.05 1.06 1.06 1.07 1.07 1.07 1.08 1.08 1.08 1.09 1.09 1.09 1.10 1.10 1.10 1.11 1.11 1.11 1.12 1.12 1.12 1.13 1.13 1.13 1.13 1.14 1.14
0.72 0.73 0.74 0.75 0.75 0.76 0.77 0.78 0.79 0.79 0.80 0.81 0.82 0.82 0.83 0.84 0.84 0.85 0.86 0.86 0.87 0.88 0.88 0.89 0.90 0.90 0.91 0.92 0.92 0.93 0.93 0.94 0.94 0.95 0.96 0.96 0.97 0.97 0.98 0.98 0.99 0.99 1.00 1.00 1.01 1.01 1.02 1.02 1.02 1.03 1.03 1.04 1.04 1.05 1.05 1.05 1.06 1.06 1.07 1.07 1.07 1.08 1.08 1.08 1.09 1.09 1.09 1.10 1.10 1.10 1.11 1.11 1.11 1.11 1.12 1.12 1.12 1.13 1.13 1.13 1.13
0.72 0.73 0.73 0.74 0.75 0.76 0.77 0.77 0.78 0.79 0.80 0.80 0.81 0.82 0.83 0.83 0.84 0.85 0.85 0.86 0.87 0.87 0.88 0.89 0.89 0.90 0.90 0.91 0.92 0.92 0.93 0.93 0.94 0.95 0.95 0.96 0.96 0.97 0.97 0.98 0.98 0.99 0.99 1.00 1.00 1.01 1.01 1.02 1.02 1.02 1.03 1.03 1.04 1.04 1.04 1.05 1.05 1.06 1.06 1.06 1.07 1.07 1.07 1.08 1.08 1.09 1.09 1.09 1.09 1.10 1.10 1.10 1.11 1.11 1.11 1.12 1.12 1.12 1.12 1.13 1.13
0.71 0.72 0.73 0.74 0.75 0.75 0.76 0.77 0.78 0.78 0.79 0.80 0.81 0.81 0.82 0.83 0.83 0.84 0.85 0.85 0.86 0.87 0.87 0.88 0.89 0.89 0.90 0.91 0.91 0.92 0.92 0.93 0.93 0.94 0.95 0.95 0.96 0.96 0.97 0.97 0.98 0.98 0.99 0.99 1.00 1.00 1.01 1.01 1.01 1.02 1.02 1.03 1.03 1.04 1.04 1.04 1.05 1.05 1.06 1.06 1.06 1.07 1.07 1.07 1.08 1.08 1.08 1.09 1.09 1.09 1.10 1.10 1.10 1.11 1.11 1.11 1.11 1.12 1.12 1.12 1.13
0.71 0.72 0.72 0.73 0.74 0.75 0.76 0.76 0.77 0.78 0.79 0.79 0.80 0.81 0.82 0.82 0.83 0.84 0.84 0.85 0.86 0.86 0.87 0.88 0.88 0.89 0.89 0.90 0.91 0.91 0.92 0.92 0.93 0.93 0.94 0.95 0.95 0.96 0.96 0.97 0.97 0.98 0.98 0.99 0.99 1.00 1.00 1.01 1.01 1.01 1.02 1.02 1.03 1.03 1.03 1.04 1.04 1.05 1.05 1.05 1.06 1.06 1.07 1.07 1.07 1.08 1.08 1.08 1.09 1.09 1.09 1.10 1.10 1.10 1.10 1.11 1.11 1.11 1.12 1.12 1.12
0.70 0.71 0.72 0.73 0.74 0.74 0.75 0.76 0.77 0.77 0.78 0.79 0.80 0.80 0.81 0.82 0.82 0.83 0.84 0.84 0.85 0.86 0.86 0.87 0.88 0.88 0.89 0.90 0.90 0.91 0.91 0.92 0.92 0.93 0.94 0.94 0.95 0.95 0.96 0.96 0.97 0.97 0.98 0.98 0.99 0.99 1.00 1.00 1.00 1.01 1.01 1.02 1.02 1.03 1.03 1.03 1.04 1.04 1.05 1.05 1.05 1.06 1.06 1.06 1.07 1.07 1.07 1.08 1.08 1.08 1.09 1.09 1.09 1.10 1.10 1.10 1.11 1.11 1.11 1.11 1.12
0.70 0.71 0.72 0.72 0.73 0.74 0.75 0.76 0.76 0.77 0.78 0.78 0.79 0.80 0.81 0.81 0.82 0.83 0.83 0.84 0.85 0.85 0.86 0.87 0.87 0.88 0.88 0.89 0.90 0.90 0.91 0.91 0.92 0.92 0.93 0.94 0.94 0.95 0.95 0.96 0.96 0.97 0.97 0.98 0.98 0.99 0.99 1.00 1.00 1.00 1.01 1.01 1.02 1.02 1.03 1.03 1.03 1.04 1.04 1.04 1.05 1.05 1.06 1.06 1.06 1.07 1.07 1.07 1.08 1.08 1.08 1.09 1.09 1.09 1.10 1.10 1.10 1.10 1.11 1.11 1.11
0.70 0.70 0.71 0.72 0.73 0.74 0.74 0.75 0.76 0.77 0.77 0.78 0.79 0.79 0.80 0.81 0.82 0.82 0.83 0.84 0.84 0.85 0.85 0.86 0.87 0.87 0.88 0.89 0.89 0.90 0.90 0.91 0.91 0.92 0.93 0.93 0.94 0.94 0.95 0.95 0.96 0.96 0.97 0.97 0.98 0.98 0.99 0.99 0.99 1.00 1.00 1.01 1.01 1.02 1.02 1.02 1.03 1.03 1.04 1.04 1.04 1.05 1.05 1.05 1.06 1.06 1.07 1.07 1.07 1.08 1.08 1.08 1.08 1.09 1.09 1.09 1.10 1.10 1.10 1.11 1.11
0.69 0.70 0.71 0.72 0.72 0.73 0.74 0.75 0.75 0.76 0.77 0.78 0.78 0.79 0.80 0.80 0.81 0.82 0.82 0.83 0.84 0.84 0.85 0.86 0.86 0.87 0.87 0.88 0.89 0.89 0.90 0.90 0.91 0.92 0.92 0.93 0.93 0.94 0.94 0.95 0.95 0.96 0.96 0.97 0.97 0.98 0.98 0.99 0.99 0.99 1.00 1.00 1.01 1.01 1.02 1.02 1.02 1.03 1.03 1.04 1.04 1.04 1.05 1.05 1.05 1.06 1.06 1.06 1.07 1.07 1.07 1.08 1.08 1.08 1.09 1.09 1.09 1.10 1.10 1.10 1.10
0.69 0.70 0.70 0.71 0.72 0.73 0.73 0.74 0.75 0.76 0.76 0.77 0.78 0.79 0.79 0.80 0.81 0.81 0.82 0.83 0.83 0.84 0.85 0.85 0.86 0.86 0.87 0.88 0.88 0.89 0.89 0.90 0.90 0.91 0.92 0.92 0.93 0.93 0.94 0.94 0.95 0.95 0.96 0.96 0.97 0.97 0.98 0.98 0.99 0.99 0.99 1.00 1.00 1.01 1.01 1.02 1.02 1.02 1.03 1.03 1.03 1.04 1.04 1.05 1.05 1.05 1.06 1.06 1.06 1.07 1.07 1.07 1.08 1.08 1.08 1.09 1.09 1.09 1.09 1.10 1.10
0.69 0.69 0.70 0.71 0.72 0.72 0.73 0.74 0.75 0.75 0.76 0.77 0.77 0.78 0.79 0.79 0.80 0.81 0.82 0.82 0.83 0.83 0.84 0.85 0.85 0.86 0.87 0.87 0.88 0.88 0.89 0.89 0.90 0.91 0.91 0.92 0.92 0.93 0.93 0.94 0.94 0.95 0.95 0.96 0.96 0.97 0.97 0.98 0.98 0.99 0.99 0.99 1.00 1.00 1.01 1.01 1.01 1.02 1.02 1.03 1.03 1.03 1.04 1.04 1.04 1.05 1.05 1.06 1.06 1.06 1.07 1.07 1.07 1.07 1.08 1.08 1.08 1.09 1.09 1.09 1.10
0.68 0.69 0.70 0.70 0.71 0.72 0.73 0.73 0.74 0.75 0.76 0.76 0.77 0.78 0.78 0.79 0.80 0.80 0.81 0.82 0.82 0.83 0.84 0.84 0.85 0.85 0.86 0.87 0.87 0.88 0.88 0.89 0.90 0.90 0.91 0.91 0.92 0.92 0.93 0.93 0.94 0.94 0.95 0.95 0.96 0.96 0.97 0.97 0.98 0.98 0.98 0.99 0.99 1.00 1.00 1.01 1.01 1.01 1.02 1.02 1.03 1.03 1.03 1.04 1.04 1.04 1.05 1.05 1.05 1.06 1.06 1.06 1.07 1.07 1.07 1.08 1.08 1.08 1.09 1.09 1.09
0.68 0.69 0.69 0.70 0.71 0.72 0.72 0.73 0.74 0.74 0.75 0.76 0.77 0.77 0.78 0.79 0.79 0.80 0.81 0.81 0.82 0.83 0.83 0.84 0.84 0.85 0.86 0.86 0.87 0.87 0.88 0.89 0.89 0.90 0.90 0.91 0.91 0.92 0.92 0.93 0.93 0.94 0.94 0.95 0.95 0.96 0.96 0.97 0.97 0.98 0.98 0.98 0.99 0.99 1.00 1.00 1.01 1.01 1.01 1.02 1.02 1.02 1.03 1.03 1.04 1.04 1.04 1.05 1.05 1.05 1.06 1.06 1.06 1.07 1.07 1.07 1.08 1.08 1.08 1.08 1.09
0.67 0.68 0.69 0.70 0.70 0.71 0.72 0.73 0.73 0.74 0.75 0.75 0.76 0.77 0.78 0.78 0.79 0.80 0.80 0.81 0.81 0.82 0.83 0.83 0.84 0.85 0.85 0.86 0.86 0.87 0.88 0.88 0.89 0.89 0.90 0.90 0.91 0.91 0.92 0.92 0.93 0.93 0.94 0.94 0.95 0.95 0.96 0.96 0.97 0.97 0.98 0.98 0.98 0.99 0.99 1.00 1.00 1.00 1.01 1.01 1.02 1.02 1.02 1.03 1.03 1.04 1.04 1.04 1.05 1.05 1.05 1.06 1.06 1.06 1.07 1.07 1.07 1.07 1.08 1.08 1.08
0.67 0.68 0.69 0.69 0.70 0.71 0.72 0.72 0.73 0.74 0.74 0.75 0.76 0.76 0.77 0.78 0.78 0.79 0.80 0.80 0.81 0.82 0.82 0.83 0.84 0.84 0.85 0.85 0.86 0.86 0.87 0.88 0.88 0.89 0.89 0.90 0.90 0.91 0.91 0.92 0.92 0.93 0.93 0.94 0.94 0.95 0.95 0.96 0.96 0.97 0.97 0.98 0.98 0.98 0.99 0.99 1.00 1.00 1.00 1.01 1.01 1.02 1.02 1.02 1.03 1.03 1.03 1.04 1.04 1.04 1.05 1.05 1.05 1.06 1.06 1.06 1.07 1.07 1.07 1.08 1.08
0.67 0.67 0.68 0.69 0.70 0.70 0.71 0.72 0.73 0.73 0.74 0.75 0.75 0.76 0.77 0.77 0.78 0.79 0.79 0.80 0.81 0.81 0.82 0.83 0.83 0.84 0.84 0.85 0.85 0.86 0.87 0.87 0.88 0.88 0.89 0.89 0.90 0.90 0.91 0.91 0.92 0.92 0.93 0.93 0.94 0.94 0.95 0.95 0.96 0.96 0.97 0.97 0.98 0.98 0.98 0.99 0.99 1.00 1.00 1.00 1.01 1.01 1.02 1.02 1.02 1.03 1.03 1.03 1.04 1.04 1.04 1.05 1.05 1.05 1.06 1.06 1.06 1.07 1.07 1.07 1.07
0.66 0.67 0.68 0.69 0.69 0.70 0.71 0.72 0.72 0.73 0.74 0.74 0.75 0.76 0.76 0.77 0.78 0.78 0.79 0.80 0.80 0.81 0.81 0.82 0.83 0.83 0.84 0.84 0.85 0.86 0.86 0.87 0.87 0.88 0.88 0.89 0.89 0.90 0.91 0.91 0.92 0.92 0.93 0.93 0.93 0.94 0.94 0.95 0.95 0.96 0.96 0.97 0.97 0.98 0.98 0.98 0.99 0.99 1.00 1.00 1.00 1.01 1.01 1.01 1.02 1.02 1.03 1.03 1.03 1.04 1.04 1.04 1.05 1.05 1.05 1.06 1.06 1.06 1.06 1.07 1.07
0.66 0.67 0.68 0.68 0.69 0.70 0.70 0.71 0.72 0.73 0.73 0.74 0.75 0.75 0.76 0.77 0.77 0.78 0.79 0.79 0.80 0.80 0.81 0.82 0.82 0.83 0.83 0.84 0.85 0.85 0.86 0.86 0.87 0.87 0.88 0.88 0.89 0.90 0.90 0.91 0.91 0.92 0.92 0.93 0.93 0.94 0.94 0.94 0.95 0.95 0.96 0.96 0.97 0.97 0.98 0.98 0.98 0.99 0.99 1.00 1.00 1.00 1.01 1.01 1.01 1.02 1.02 1.03 1.03 1.03 1.04 1.04 1.04 1.05 1.05 1.05 1.05 1.06 1.06 1.06 1.07
0.66 0.66 0.67 0.68 0.69 0.69 0.70 0.71 0.71 0.72 0.73 0.74 0.74 0.75 0.76 0.76 0.77 0.78 0.78 0.79 0.79 0.80 0.81 0.81 0.82 0.82 0.83 0.84 0.84 0.85 0.85 0.86 0.86 0.87 0.88 0.88 0.89 0.89 0.90 0.90 0.91 0.91 0.92 0.92 0.93 0.93 0.94 0.94 0.94 0.95 0.95 0.96 0.96 0.97 0.97 0.97 0.98 0.98 0.99 0.99 0.99 1.00 1.00 1.01 1.01 1.01 1.02 1.02 1.02 1.03 1.03 1.03 1.04 1.04 1.04 1.05 1.05 1.05 1.06 1.06 1.06
0.65 0.66 0.67 0.68 0.68 0.69 0.70 0.70 0.71 0.72 0.72 0.73 0.74 0.75 0.75 0.76 0.76 0.77 0.78 0.78 0.79 0.80 0.80 0.81 0.81 0.82 0.83 0.83 0.84 0.84 0.85 0.85 0.86 0.87 0.87 0.88 0.88 0.89 0.89 0.90 0.90 0.91 0.91 0.92 0.92 0.93 0.93 0.94 0.94 0.94 0.95 0.95 0.96 0.96 0.97 0.97 0.97 0.98 0.98 0.99 0.99 0.99 1.00 1.00 1.01 1.01 1.01 1.02 1.02 1.02 1.03 1.03 1.03 1.04 1.04 1.04 1.05 1.05 1.05 1.06 1.06
0.65 0.66 0.67 0.67 0.68 0.69 0.69 0.70 0.71 0.71 0.72 0.73 0.73 0.74 0.75 0.75 0.76 0.77 0.77 0.78 0.79 0.79 0.80 0.80 0.81 0.82 0.82 0.83 0.83 0.84 0.85 0.85 0.86 0.86 0.87 0.87 0.88 0.88 0.89 0.89 0.90 0.90 0.91 0.91 0.92 0.92 0.93 0.93 0.94 0.94 0.95 0.95 0.95 0.96 0.96 0.97 0.97 0.97 0.98 0.98 0.99 0.99 0.99 1.00 1.00 1.01 1.01 1.01 1.02 1.02 1.02 1.03 1.03 1.03 1.04 1.04 1.04 1.05 1.05 1.05 1.05
0.65 0.66 0.66 0.67 0.68 0.68 0.69 0.70 0.70 0.71 0.72 0.72 0.73 0.74 0.74 0.75 0.76 0.76 0.77 0.78 0.78 0.79 0.79 0.80 0.81 0.81 0.82 0.82 0.83 0.84 0.84 0.85 0.85 0.86 0.86 0.87 0.87 0.88 0.88 0.89 0.89 0.90 0.90 0.91 0.91 0.92 0.92 0.93 0.93 0.94 0.94 0.95 0.95 0.95 0.96 0.96 0.97 0.97 0.97 0.98 0.98 0.99 0.99 0.99 1.00 1.00 1.00 1.01 1.01 1.02 1.02 1.02 1.03 1.03 1.03 1.04 1.04 1.04 1.04 1.05 1.05
0.65 0.65 0.66 0.67 0.67 0.68 0.69 0.69 0.70 0.71 0.71 0.72 0.73 0.73 0.74 0.75 0.75 0.76 0.77 0.77 0.78 0.78 0.79 0.80 0.80 0.81 0.81 0.82 0.83 0.83 0.84 0.84 0.85 0.85 0.86 0.86 0.87 0.87 0.88 0.88 0.89 0.89 0.90 0.90 0.91 0.91 0.92 0.92 0.93 0.93 0.94 0.94 0.95 0.95 0.95 0.96 0.96 0.97 0.97 0.97 0.98 0.98 0.99 0.99 0.99 1.00 1.00 1.00 1.01 1.01 1.01 1.02 1.02 1.02 1.03 1.03 1.03 1.04 1.04 1.04 1.05
0.64 0.65 0.66 0.66 0.67 0.68 0.68 0.69 0.70 0.70 0.71 0.72 0.72 0.73 0.74 0.74 0.75 0.76 0.76 0.77 0.77 0.78 0.79 0.79 0.80 0.80 0.81 0.82 0.82 0.83 0.83 0.84 0.84 0.85 0.85 0.86 0.87 0.87 0.88 0.88 0.89 0.89 0.90 0.90 0.91 0.91 0.91 0.92 0.92 0.93 0.93 0.94 0.94 0.95 0.95 0.95 0.96 0.96 0.97 0.97 0.97 0.98 0.98 0.99 0.99 0.99 1.00 1.00 1.00 1.01 1.01 1.01 1.02 1.02 1.02 1.03 1.03 1.03 1.04 1.04 1.04
0.64 0.65 0.65 0.66 0.67 0.67 0.68 0.69 0.69 0.70 0.71 0.71 0.72 0.73 0.73 0.74 0.75 0.75 0.76 0.76 0.77 0.78 0.78 0.79 0.79 0.80 0.81 0.81 0.82 0.82 0.83 0.83 0.84 0.85 0.85 0.86 0.86 0.87 0.87 0.88 0.88 0.89 0.89 0.90 0.90 0.91 0.91 0.91 0.92 0.92 0.93 0.93 0.94 0.94 0.95 0.95 0.95 0.96 0.96 0.97 0.97 0.97 0.98 0.98 0.99 0.99 0.99 1.00 1.00 1.00 1.01 1.01 1.01 1.02 1.02 1.02 1.03 1.03 1.03 1.04 1.04
0.64 0.64 0.65 0.66 0.66 0.67 0.68 0.68 0.69 0.70 0.70 0.71 0.72 0.72 0.73 0.74 0.74 0.75 0.76 0.76 0.77 0.77 0.78 0.79 0.79 0.80 0.80 0.81 0.81 0.82 0.83 0.83 0.84 0.84 0.85 0.85 0.86 0.86 0.87 0.87 0.88 0.88 0.89 0.89 0.90 0.90 0.91 0.91 0.92 0.92 0.92 0.93 0.93 0.94 0.94 0.95 0.95 0.95 0.96 0.96 0.97 0.97 0.97 0.98 0.98 0.99 0.99 0.99 1.00 1.00 1.00 1.01 1.01 1.01 1.02 1.02 1.02 1.03 1.03 1.03 1.04
0.63 0.64 0.65 0.65 0.66 0.67 0.67 0.68 0.69 0.69 0.70 0.71 0.71 0.72 0.73 0.73 0.74 0.75 0.75 0.76 0.76 0.77 0.78 0.78 0.79 0.79 0.80 0.80 0.81 0.82 0.82 0.83 0.83 0.84 0.84 0.85 0.85 0.86 0.86 0.87 0.87 0.88 0.88 0.89 0.89 0.90 0.90 0.91 0.91 0.92 0.92 0.92 0.93 0.93 0.94 0.94 0.95 0.95 0.95 0.96 0.96 0.97 0.97 0.97 0.98 0.98 0.98 0.99 0.99 1.00 1.00 1.00 1.01 1.01 1.01 1.02 1.02 1.02 1.03 1.03 1.03
