rdr6min/data/rdr6min/output.asc
NCOLS          501       
NROWS          501       
XLLCENTER      6.00      
YLLCENTER      5.00      
DX             1.00      
DY             1.00      
NODATA_VALUE   -999.00   
[rows 432 to 467 of 501, columns 324 to 404 of 501]
0.55 0.56 0.56 0.57 0.58 0.58 0.59 0.59 0.60 0.60 0.61 0.61 0.62 0.62 0.63 0.63 0.64 0.64 0.65 0.65 0.66 0.66 0.67 0.67 0.68 0.68 0.69 0.69 0.70 0.70 0.71 0.71 0.72 0.72 0.73 0.73 0.74 0.74 0.75 0.75 0.75 0.76 0.76 0.77 0.77 0.78 0.78 0.79 0.79 0.79 0.80 0.80 0.81 0.81 0.81 0.82 0.82 0.83 0.83 0.83 0.84 0.84 0.85 0.85 0.85 0.86 0.86 0.86 0.87 0.87 0.87 0.88 0.88 0.89 0.89 0.89 0.90 0.90 0.90 0.91 0.91
0.55 0.56 0.56 0.57 0.57 0.58 0.58 0.59 0.60 0.60 0.61 0.61 0.62 0.62 0.63 0.63 0.64 0.64 0.65 0.65 0.66 0.66 0.67 0.67 0.68 0.68 0.69 0.69 0.70 0.70 0.71 0.71 0.72 0.72 0.72 0.73 0.73 0.74 0.74 0.75 0.75 0.76 0.76 0.77 0.77 0.77 0.78 0.78 0.79 0.79 0.80 0.80 0.80 0.81 0.81 0.82 0.82 0.82 0.83 0.83 0.84 0.84 0.84 0.85 0.85 0.85 0.86 0.86 0.86 0.87 0.87 0.88 0.88 0.88 0.89 0.89 0.89 0.90 0.90 0.90 0.91
0.55 0.56 0.56 0.57 0.57 0.58 0.58 0.59 0.59 0.60 0.60 0.61 0.61 0.62 0.62 0.63 0.63 0.64 0.65 0.65 0.66 0.66 0.67 0.67 0.67 0.68 0.68 0.69 0.69 0.70 0.70 0.71 0.71 0.72 0.72 0.73 0.73 0.74 0.74 0.75 0.75 0.75 0.76 0.76 0.77 0.77 0.78 0.78 0.78 0.79 0.79 0.80 0.80 0.80 0.81 0.81 0.82 0.82 0.82 0.83 0.83 0.84 0.84 0.84 0.85 0.85 0.85 0.86 0.86 0.87 0.87 0.87 0.88 0.88 0.88 0.89 0.89 0.89 0.90 0.90 0.90
0.55 0.55 0.56 0.57 0.57 0.58 0.58 0.59 0.59 0.60 0.60 0.61 0.61 0.62 0.62 0.63 0.63 0.64 0.64 0.65 0.65 0.66 0.66 0.67 0.67 0.68 0.68 0.69 0.69 0.70 0.70 0.71 0.71 0.72 0.72 0.72 0.73 0.73 0.74 0.74 0.75 0.75 0.76 0.76 0.76 0.77 0.77 0.78 0.78 0.79 0.79 0.79 0.80 0.80 0.81 0.81 0.81 0.82 0.82 0.83 0.83 0.83 0.84 0.84 0.84 0.85 0.85 0.86 0.86 0.86 0.87 0.87 0.87 0.88 0.88 0.88 0.89 0.89 0.89 0.90 0.90
0.55 0.55 0.56 0.56 0.57 0.57 0.58 0.58 0.59 0.60 0.60 0.61 0.61 0.62 0.62 0.63 0.63 0.64 0.64 0.65 0.65 0.66 0.66 0.67 0.67 0.68 0.68 0.68 0.69 0.69 0.70 0.70 0.71 0.71 0.72 0.72 0.73 0.73 0.74 0.74 0.74 0.75 0.75 0.76 0.76 0.77 0.77 0.77 0.78 0.78 0.79 0.79 0.80 0.80 0.80 0.81 0.81 0.82 0.82 0.82 0.83 0.83 0.83 0.84 0.84 0.85 0.85 0.85 0.86 0.86 0.86 0.87 0.87 0.87 0.88 0.88 0.88 0.89 0.89 0.89 0.90
0.55 0.55 0.56 0.56 0.57 0.57 0.58 0.58 0.59 0.59 0.60 0.60 0.61 0.61 0.62 0.62 0.63 0.63 0.64 0.64 0.65 0.65 0.66 0.66 0.67 0.67 0.68 0.68 0.69 0.69 0.70 0.70 0.71 0.71 0.72 0.72 0.72 0.73 0.73 0.74 0.74 0.75 0.75 0.76 0.76 0.76 0.77 0.77 0.78 0.78 0.78 0.79 0.79 0.80 0.80 0.80 0.81 0.81 0.82 0.82 0.82 0.83 0.83 0.84 0.84 0.84 0.85 0.85 0.85 0.86 0.86 0.86 0.87 0.87 0.87 0.88 0.88 0.88 0.89 0.89 0.89
0.54 0.55 0.56 0.56 0.57 0.57 0.58 0.58 0.59 0.59 0.60 0.60 0.61 0.61 0.62 0.62 0.63 0.63 0.64 0.64 0.65 0.65 0.66 0.66 0.67 0.67 0.68 0.68 0.69 0.69 0.69 0.70 0.70 0.71 0.71 0.72 0.72 0.73 0.73 0.74 0.74 0.74 0.75 0.75 0.76 0.76 0.77 0.77 0.77 0.78 0.78 0.79 0.79 0.79 0.80 0.80 0.81 0.81 0.81 0.82 0.82 0.83 0.83 0.83 0.84 0.84 0.84 0.85 0.85 0.85 0.86 0.86 0.87 0.87 0.87 0.88 0.88 0.88 0.89 0.89 0.89
0.54 0.55 0.55 0.56 0.56 0.57 0.57 0.58 0.58 0.59 0.59 0.60 0.60 0.61 0.62 0.62 0.62 0.63 0.63 0.64 0.64 0.65 0.65 0.66 0.66 0.67 0.67 0.68 0.68 0.69 0.69 0.70 0.70 0.71 0.71 0.72 0.72 0.72 0.73 0.73 0.74 0.74 0.75 0.75 0.75 0.76 0.76 0.77 0.77 0.78 0.78 0.78 0.79 0.79 0.80 0.80 0.80 0.81 0.81 0.82 0.82 0.82 0.83 0.83 0.83 0.84 0.84 0.84 0.85 0.85 0.86 0.86 0.86 0.87 0.87 0.87 0.88 0.88 0.88 0.89 0.89
0.54 0.55 0.55 0.56 0.56 0.57 0.57 0.58 0.58 0.59 0.59 0.60 0.60 0.61 0.61 0.62 0.62 0.63 0.63 0.64 0.64 0.65 0.65 0.66 0.66 0.67 0.67 0.68 0.68 0.69 0.69 0.69 0.70 0.70 0.71 0.71 0.72 0.72 0.73 0.73 0.73 0.74 0.74 0.75 0.75 0.76 0.76 0.76 0.77 0.77 0.78 0.78 0.79 0.79 0.79 0.80 0.80 0.80 0.81 0.81 0.82 0.82 0.82 0.83 0.83 0.83 0.84 0.84 0.85 0.85 0.85 0.86 0.86 0.86 0.87 0.87 0.87 0.88 0.88 0.88 0.89
0.54 0.55 0.55 0.56 0.56 0.57 0.57 0.58 0.58 0.59 0.59 0.60 0.60 0.61 0.61 0.62 0.62 0.63 0.63 0.64 0.64 0.65 0.65 0.66 0.66 0.66 0.67 0.67 0.68 0.68 0.69 0.69 0.70 0.70 0.71 0.71 0.71 0.72 0.72 0.73 0.73 0.74 0.74 0.75 0.75 0.75 0.76 0.76 0.77 0.77 0.77 0.78 0.78 0.79 0.79 0.79 0.80 0.80 0.81 0.81 0.81 0.82 0.82 0.82 0.83 0.83 0.84 0.84 0.84 0.85 0.85 0.85 0.86 0.86 0.86 0.87 0.87 0.87 0.88 0.88 0.88
0.54 0.54 0.55 0.55 0.56 0.56 0.57 0.57 0.58 0.58 0.59 0.59 0.60 0.60 0.61 0.61 0.62 0.62 0.63 0.63 0.64 0.64 0.65 0.65 0.66 0.66 0.67 0.67 0.68 0.68 0.69 0.69 0.69 0.70 0.70 0.71 0.71 0.72 0.72 0.73 0.73 0.73 0.74 0.74 0.75 0.75 0.76 0.76 0.76 0.77 0.77 0.78 0.78 0.78 0.79 0.79 0.80 0.80 0.80 0.81 0.81 0.81 0.82 0.82 0.83 0.83 0.83 0.84 0.84 0.84 0.85 0.85 0.85 0.86 0.86 0.86 0.87 0.87 0.87 0.88 0.88
0.54 0.54 0.55 0.55 0.56 0.56 0.57 0.57 0.58 0.58 0.59 0.59 0.60 0.60 0.61 0.61 0.62 0.62 0.63 0.63 0.64 0.64 0.65 0.65 0.66 0.66 0.67 0.67 0.67 0.68 0.68 0.69 0.69 0.70 0.70 0.71 0.71 0.71 0.72 0.72 0.73 0.73 0.74 0.74 0.74 0.75 0.75 0.76 0.76 0.77 0.77 0.77 0.78 0.78 0.79 0.79 0.79 0.80 0.80 0.80 0.81 0.81 0.82 0.82 0.82 0.83 0.83 0.83 0.84 0.84 0.84 0.85 0.85 0.86 0.86 0.86 0.87 0.87 0.87 0.88 0.88
0.54 0.54 0.55 0.55 0.56 0.56 0.57 0.57 0.58 0.58 0.59 0.59 0.60 0.60 0.61 0.61 0.62 0.62 0.63 0.63 0.63 0.64 0.64 0.65 0.65 0.66 0.66 0.67 0.67 0.68 0.68 0.69 0.69 0.69 0.70 0.70 0.71 0.71 0.72 0.72 0.73 0.73 0.73 0.74 0.74 0.75 0.75 0.75 0.76 0.76 0.77 0.77 0.78 0.78 0.78 0.79 0.79 0.79 0.80 0.80 0.81 0.81 0.81 0.82 0.82 0.82 0.83 0.83 0.84 0.84 0.84 0.85 0.85 0.85 0.86 0.86 0.86 0.87 0.87 0.87 0.88
0.53 0.54 0.54 0.55 0.55 0.56 0.56 0.57 0.57 0.58 0.58 0.59 0.59 0.60 0.60 0.61 0.61 0.62 0.62 0.63 0.63 0.64 0.64 0.65 0.65 0.66 0.66 0.67 0.67 0.67 0.68 0.68 0.69 0.69 0.70 0.70 0.71 0.71 0.71 0.72 0.72 0.73 0.73 0.74 0.74 0.74 0.75 0.75 0.76 0.76 0.76 0.77 0.77 0.78 0.78 0.78 0.79 0.79 0.80 0.80 0.80 0.81 0.81 0.81 0.82 0.82 0.83 0.83 0.83 0.84 0.84 0.84 0.85 0.85 0.85 0.86 0.86 0.86 0.87 0.87 0.87
0.53 0.54 0.54 0.55 0.55 0.56 0.56 0.57 0.57 0.58 0.58 0.59 0.59 0.60 0.60 0.61 0.61 0.62 0.62 0.63 0.63 0.64 0.64 0.65 0.65 0.65 0.66 0.66 0.67 0.67 0.68 0.68 0.69 0.69 0.69 0.70 0.70 0.71 0.71 0.72 0.72 0.73 0.73 0.73 0.74 0.74 0.75 0.75 0.75 0.76 0.76 0.77 0.77 0.77 0.78 0.78 0.79 0.79 0.79 0.80 0.80 0.80 0.81 0.81 0.82 0.82 0.82 0.83 0.83 0.83 0.84 0.84 0.84 0.85 0.85 0.85 0.86 0.86 0.86 0.87 0.87
0.53 0.54 0.54 0.55 0.55 0.56 0.56 0.57 0.57 0.58 0.58 0.59 0.59 0.60 0.60 0.61 0.61 0.62 0.62 0.62 0.63 0.63 0.64 0.64 0.65 0.65 0.66 0.66 0.67 0.67 0.68 0.68 0.68 0.69 0.69 0.70 0.70 0.71 0.71 0.71 0.72 0.72 0.73 0.73 0.74 0.74 0.74 0.75 0.75 0.76 0.76 0.76 0.77 0.77 0.78 0.78 0.78 0.79 0.79 0.79 0.80 0.80 0.81 0.81 0.81 0.82 0.82 0.82 0.83 0.83 0.83 0.84 0.84 0.84 0.85 0.85 0.85 0.86 0.86 0.86 0.87
0.53 0.54 0.54 0.55 0.55 0.56 0.56 0.57 0.57 0.57 0.58 0.58 0.59 0.59 0.60 0.60 0.61 0.61 0.62 0.62 0.63 0.63 0.64 0.64 0.65 0.65 0.66 0.66 0.66 0.67 0.67 0.68 0.68 0.69 0.69 0.70 0.70 0.70 0.71 0.71 0.72 0.72 0.72 0.73 0.73 0.74 0.74 0.75 0.75 0.75 0.76 0.76 0.77 0.77 0.77 0.78 0.78 0.78 0.79 0.79 0.80 0.80 0.80 0.81 0.81 0.81 0.82 0.82 0.83 0.83 0.83 0.84 0.84 0.84 0.85 0.85 0.85 0.86 0.86 0.86 0.87
0.53 0.53 0.54 0.54 0.55 0.55 0.56 0.56 0.57 0.57 0.58 0.58 0.59 0.59 0.60 0.60 0.61 0.61 0.62 0.62 0.63 0.63 0.63 0.64 0.64 0.65 0.65 0.66 0.66 0.67 0.67 0.68 0.68 0.68 0.69 0.69 0.70 0.70 0.71 0.71 0.71 0.72 0.72 0.73 0.73 0.74 0.74 0.74 0.75 0.75 0.76 0.76 0.76 0.77 0.77 0.77 0.78 0.78 0.79 0.79 0.79 0.80 0.80 0.80 0.81 0.81 0.82 0.82 0.82 0.83 0.83 0.83 0.84 0.84 0.84 0.85 0.85 0.85 0.86 0.86 0.86
0.53 0.53 0.54 0.54 0.55 0.55 0.56 0.56 0.57 0.57 0.58 0.58 0.59 0.59 0.60 0.60 0.61 0.61 0.61 0.62 0.62 0.63 0.63 0.64 0.64 0.65 0.65 0.66 0.66 0.66 0.67 0.67 0.68 0.68 0.69 0.69 0.70 0.70 0.70 0.71 0.71 0.72 0.72 0.72 0.73 0.73 0.74 0.74 0.74 0.75 0.75 0.76 0.76 0.76 0.77 0.77 0.78 0.78 0.78 0.79 0.79 0.79 0.80 0.80 0.81 0.81 0.81 0.82 0.82 0.82 0.83 0.83 0.83 0.84 0.84 0.84 0.85 0.85 0.85 0.86 0.86
0.53 0.53 0.54 0.54 0.55 0.55 0.56 0.56 0.57 0.57 0.58 0.58 0.58 0.59 0.59 0.60 0.60 0.61 0.61 0.62 0.62 0.63 0.63 0.64 0.64 0.64 0.65 0.65 0.66 0.66 0.67 0.67 0.68 0.68 0.68 0.69 0.69 0.70 0.70 0.71 0.71 0.71 0.72 0.72 0.73 0.73 0.73 0.74 0.74 0.75 0.75 0.75 0.76 0.76 0.77 0.77 0.77 0.78 0.78 0.79 0.79 0.79 0.80 0.80 0.80 0.81 0.81 0.81 0.82 0.82 0.82 0.83 0.83 0.83 0.84 0.84 0.84 0.85 0.85 0.85 0.86
0.53 0.53 0.54 0.54 0.54 0.55 0.55 0.56 0.56 0.57 0.57 0.58 0.58 0.59 0.59 0.60 0.60 0.61 0.61 0.62 0.62 0.62 0.63 0.63 0.64 0.64 0.65 0.65 0.66 0.66 0.67 0.67 0.67 0.68 0.68 0.69 0.69 0.70 0.70 0.70 0.71 0.71 0.72 0.72 0.72 0.73 0.73 0.74 0.74 0.74 0.75 0.75 0.76 0.76 0.76 0.77 0.77 0.78 0.78 0.78 0.79 0.79 0.79 0.80 0.80 0.80 0.81 0.81 0.82 0.82 0.82 0.83 0.83 0.83 0.84 0.84 0.84 0.85 0.85 0.85 0.86
0.52 0.53 0.53 0.54 0.54 0.55 0.55 0.56 0.56 0.57 0.57 0.58 0.58 0.59 0.59 0.60 0.60 0.60 0.61 0.61 0.62 0.62 0.63 0.63 0.64 0.64 0.65 0.65 0.65 0.66 0.66 0.67 0.67 0.68 0.68 0.68 0.69 0.69 0.70 0.70 0.71 0.71 0.71 0.72 0.72 0.73 0.73 0.73 0.74 0.74 0.75 0.75 0.75 0.76 0.76 0.77 0.77 0.77 0.78 0.78 0.78 0.79 0.79 0.80 0.80 0.80 0.81 0.81 0.81 0.82 0.82 0.82 0.83 0.83 0.83 0.84 0.84 0.84 0.85 0.85 0.85
0.52 0.53 0.53 0.54 0.54 0.55 0.55 0.56 0.56 0.57 0.57 0.58 0.58 0.58 0.59 0.59 0.60 0.60 0.61 0.61 0.62 0.62 0.63 0.63 0.63 0.64 0.64 0.65 0.65 0.66 0.66 0.67 0.67 0.67 0.68 0.68 0.69 0.69 0.70 0.70 0.70 0.71 0.71 0.72 0.72 0.72 0.73 0.73 0.74 0.74 0.74 0.75 0.75 0.76 0.76 0.76 0.77 0.77 0.77 0.78 0.78 0.79 0.79 0.79 0.80 0.80 0.80 0.81 0.81 0.81 0.82 0.82 0.82 0.83 0.83 0.83 0.84 0.84 0.84 0.85 0.85
0.52 0.53 0.53 0.54 0.54 0.55 0.55 0.56 0.56 0.56 0.57 0.57 0.58 0.58 0.59 0.59 0.60 0.60 0.61 0.61 0.62 0.62 0.62 0.63 0.63 0.64 0.64 0.65 0.65 0.66 0.66 0.66 0.67 0.67 0.68 0.68 0.68 0.69 0.69 0.70 0.70 0.71 0.71 0.71 0.72 0.72 0.73 0.73 0.73 0.74 0.74 0.75 0.75 0.75 0.76 0.76 0.76 0.77 0.77 0.78 0.78 0.78 0.79 0.79 0.79 0.80 0.80 0.80 0.81 0.81 0.81 0.82 0.82 0.83 0.83 0.83 0.84 0.84 0.84 0.84 0.85
0.52 0.53 0.53 0.53 0.54 0.54 0.55 0.55 0.56 0.56 0.57 0.57 0.58 0.58 0.59 0.59 0.60 0.60 0.60 0.61 0.61 0.62 0.62 0.63 0.63 0.64 0.64 0.64 0.65 0.65 0.66 0.66 0.67 0.67 0.67 0.68 0.68 0.69 0.69 0.70 0.70 0.70 0.71 0.71 0.72 0.72 0.72 0.73 0.73 0.74 0.74 0.74 0.75 0.75 0.75 0.76 0.76 0.77 0.77 0.77 0.78 0.78 0.78 0.79 0.79 0.80 0.80 0.80 0.81 0.81 0.81 0.82 0.82 0.82 0.83 0.83 0.83 0.84 0.84 0.84 0.85
0.52 0.52 0.53 0.53 0.54 0.54 0.55 0.55 0.56 0.56 0.57 0.57 0.58 0.58 0.58 0.59 0.59 0.60 0.60 0.61 0.61 0.62 0.62 0.63 0.63 0.63 0.64 0.64 0.65 0.65 0.66 0.66 0.66 0.67 0.67 0.68 0.68 0.69 0.69 0.69 0.70 0.70 0.71 0.71 0.71 0.72 0.72 0.73 0.73 0.73 0.74 0.74 0.75 0.75 0.75 0.76 0.76 0.76 0.77 0.77 0.77 0.78 0.78 0.79 0.79 0.79 0.80 0.80 0.80 0.81 0.81 0.81 0.82 0.82 0.82 0.83 0.83 0.83 0.84 0.84 0.84
0.52 0.52 0.53 0.53 0.54 0.54 0.55 0.55 0.56 0.56 0.56 0.57 0.57 0.58 0.58 0.59 0.59 0.60 0.60 0.61 0.61 0.61 0.62 0.62 0.63 0.63 0.64 0.64 0.65 0.65 0.65 0.66 0.66 0.67 0.67 0.67 0.68 0.68 0.69 0.69 0.70 0.70 0.70 0.71 0.71 0.72 0.72 0.72 0.73 0.73 0.74 0.74 0.74 0.75 0.75 0.75 0.76 0.76 0.77 0.77 0.77 0.78 0.78 0.78 0.79 0.79 0.79 0.80 0.80 0.80 0.81 0.81 0.81 0.82 0.82 0.82 0.83 0.83 0.83 0.84 0.84
0.52 0.52 0.53 0.53 0.54 0.54 0.55 0.55 0.55 0.56 0.56 0.57 0.57 0.58 0.58 0.59 0.59 0.60 0.60 0.60 0.61 0.61 0.62 0.62 0.63 0.63 0.63 0.64 0.64 0.65 0.65 0.66 0.66 0.66 0.67 0.67 0.68 0.68 0.69 0.69 0.69 0.70 0.70 0.71 0.71 0.71 0.72 0.72 0.73 0.73 0.73 0.74 0.74 0.74 0.75 0.75 0.76 0.76 0.76 0.77 0.77 0.77 0.78 0.78 0.78 0.79 0.79 0.80 0.80 0.80 0.81 0.81 0.81 0.82 0.82 0.82 0.83 0.83 0.83 0.84 0.84
0.52 0.52 0.53 0.53 0.53 0.54 0.54 0.55 0.55 0.56 0.56 0.57 0.57 0.58 0.58 0.58 0.59 0.59 0.60 0.60 0.61 0.61 0.62 0.62 0.62 0.63 0.63 0.64 0.64 0.65 0.65 0.65 0.66 0.66 0.67 0.67 0.68 0.68 0.68 0.69 0.69 0.70 0.70 0.70 0.71 0.71 0.72 0.72 0.72 0.73 0.73 0.73 0.74 0.74 0.75 0.75 0.75 0.76 0.76 0.76 0.77 0.77 0.78 0.78 0.78 0.79 0.79 0.79 0.80 0.80 0.80 0.81 0.81 0.81 0.82 0.82 0.82 0.83 0.83 0.83 0.84
0.52 0.52 0.52 0.53 0.53 0.54 0.54 0.55 0.55 0.56 0.56 0.57 0.57 0.57 0.58 0.58 0.59 0.59 0.60 0.60 0.61 0.61 0.61 0.62 0.62 0.63 0.63 0.64 0.64 0.64 0.65 0.65 0.66 0.66 0.67 0.67 0.67 0.68 0.68 0.69 0.69 0.69 0.70 0.70 0.71 0.71 0.71 0.72 0.72 0.73 0.73 0.73 0.74 0.74 0.74 0.75 0.75 0.76 0.76 0.76 0.77 0.77 0.77 0.78 0.78 0.78 0.79 0.79 0.79 0.80 0.80 0.80 0.81 0.81 0.81 0.82 0.82 0.82 0.83 0.83 0.83
0.51 0.52 0.52 0.53 0.53 0.54 0.54 0.55 0.55 0.55 0.56 0.56 0.57 0.57 0.58 0.58 0.59 0.59 0.60 0.60 0.60 0.61 0.61 0.62 0.62 0.63 0.63 0.63 0.64 0.64 0.65 0.65 0.66 0.66 0.66 0.67 0.67 0.68 0.68 0.68 0.69 0.69 0.70 0.70 0.70 0.71 0.71 0.72 0.72 0.72 0.73 0.73 0.73 0.74 0.74 0.75 0.75 0.75 0.76 0.76 0.76 0.77 0.77 0.77 0.78 0.78 0.79 0.79 0.79 0.80 0.80 0.80 0.81 0.81 0.81 0.82 0.82 0.82 0.83 0.83 0.83
0.51 0.52 0.52 0.53 0.53 0.54 0.54 0.54 0.55 0.55 0.56 0.56 0.57 0.57 0.58 0.58 0.58 0.59 0.59 0.60 0.60 0.61 0.61 0.62 0.62 0.62 0.63 0.63 0.64 0.64 0.64 0.65 0.65 0.66 0.66 0.67 0.67 0.67 0.68 0.68 0.69 0.69 0.69 0.70 0.70 0.71 0.71 0.71 0.72 0.72 0.72 0.73 0.73 0.74 0.74 0.74 0.75 0.75 0.75 0.76 0.76 0.77 0.77 0.77 0.78 0.78 0.78 0.79 0.79 0.79 0.80 0.80 0.80 0.81 0.81 0.81 0.82 0.82 0.82 0.83 0.83
0.51 0.52 0.52 0.53 0.53 0.53 0.54 0.54 0.55 0.55 0.56 0.56 0.57 0.57 0.57 0.58 0.58 0.59 0.59 0.60 0.60 0.61 0.61 0.61 0.62 0.62 0.63 0.63 0.63 0.64 0.64 0.65 0.65 0.66 0.66 0.66 0.67 0.67 0.68 0.68 0.68 0.69 0.69 0.70 0.70 0.70 0.71 0.71 0.72 0.72 0.72 0.73 0.73 0.73 0.74 0.74 0.75 0.75 0.75 0.76 0.76 0.76 0.77 0.77 0.77 0.78 0.78 0.78 0.79 0.79 0.79 0.80 0.80 0.80 0.81 0.81 0.81 0.82 0.82 0.82 0.83
0.51 0.52 0.52 0.52 0.53 0.53 0.54 0.54 0.55 0.55 0.56 0.56 0.56 0.57 0.57 0.58 0.58 0.59 0.59 0.59 0.60 0.60 0.61 0.61 0.62 0.62 0.62 0.63 0.63 0.64 0.64 0.65 0.65 0.65 0.66 0.66 0.67 0.67 0.67 0.68 0.68 0.69 0.69 0.69 0.70 0.70 0.71 0.71 0.71 0.72 0.72 0.72 0.73 0.73 0.74 0.74 0.74 0.75 0.75 0.75 0.76 0.76 0.76 0.77 0.77 0.78 0.78 0.78 0.79 0.79 0.79 0.80 0.80 0.80 0.81 0.81 0.81 0.82 0.82 0.82 0.82
0.51 0.51 0.52 0.52 0.53 0.53 0.54 0.54 0.55 0.55 0.55 0.56 0.56 0.57 0.57 0.58 0.58 0.58 0.59 0.59 0.60 0.60 0.61 0.61 0.61 0.62 0.62 0.63 0.63 0.64 0.64 0.64 0.65 0.65 0.66 0.66 0.66 0.67 0.67 0.68 0.68 0.68 0.69 0.69 0.70 0.70 0.70 0.71 0.71 0.72 0.72 0.72 0.73 0.73 0.73 0.74 0.74 0.74 0.75 0.75 0.76 0.76 0.76 0.77 0.77 0.77 0.78 0.78 0.78 0.79 0.79 0.79 0.80 0.80 0.80 0.81 0.81 0.81 0.82 0.82 0.82
0.51 0.51 0.52 0.52 0.53 0.53 0.54 0.54 0.54 0.55 0.55 0.56 0.56 0.57 0.57 0.57 0.58 0.58 0.59 0.59 0.60 0.60 0.60 0.61 0.61 0.62 0.62 0.63 0.63 0.63 0.64 0.64 0.65 0.65 0.65 0.66 0.66 0.67 0.67 0.67 0.68 0.68 0.69 0.69 0.69 0.70 0.70 0.71 0.71 0.71 0.72 0.72 0.72 0.73 0.73 0.74 0.74 0.74 0.75 0.75 0.75 0.76 0.76 0.76 0.77 0.77 0.77 0.78 0.78 0.78 0.79 0.79 0.79 0.80 0.80 0.80 0.81 0.81 0.81 0.82 0.82
