rdr6min/data/rdr6min/output.asc
NCOLS          501       
NROWS          501       
XLLCENTER      6.00      
YLLCENTER      5.00      
DX             1.00      
DY             1.00      
NODATA_VALUE   -999.00   
[rows 324 to 359 of 501, columns 324 to 404 of 501]
1.05 1.06 1.07 1.08 1.09 1.10 1.11 1.12 1.12 1.13 1.14 1.15 1.15 1.16 1.17 1.18 1.18 1.19 1.19 1.20 1.21 1.21 1.22 1.22 1.23 1.23 1.24 1.24 1.25 1.25 1.25 1.26 1.26 1.27 1.27 1.27 1.28 1.28 1.28 1.29 1.29 1.29 1.30 1.30 1.30 1.30 1.31 1.31 1.31 1.31 1.31 1.32 1.32 1.32 1.32 1.32 1.33 1.33 1.33 1.33 1.33 1.33 1.33 1.34 1.34 1.34 1.34 1.34 1.34 1.34 1.34 1.34 1.35 1.35 1.35 1.35 1.35 1.35 1.35 1.35 1.35
1.04 1.05 1.06 1.07 1.08 1.09 1.10 1.11 1.11 1.12 1.13 1.14 1.14 1.15 1.16 1.17 1.17 1.18 1.18 1.19 1.20 1.20 1.21 1.21 1.22 1.22 1.23 1.23 1.24 1.24 1.25 1.25 1.25 1.26 1.26 1.27 1.27 1.27 1.28 1.28 1.28 1.28 1.29 1.29 1.29 1.30 1.30 1.30 1.30 1.31 1.31 1.31 1.31 1.31 1.32 1.32 1.32 1.32 1.32 1.32 1.33 1.33 1.33 1.33 1.33 1.33 1.33 1.34 1.34 1.34 1.34 1.34 1.34 1.34 1.34 1.34 1.34 1.34 1.35 1.35 1.35
1.03 1.04 1.05 1.06 1.07 1.08 1.09 1.09 1.10 1.11 1.12 1.13 1.13 1.14 1.15 1.16 1.16 1.17 1.17 1.18 1.19 1.19 1.20 1.20 1.21 1.21 1.22 1.22 1.23 1.23 1.24 1.24 1.25 1.25 1.25 1.26 1.26 1.26 1.27 1.27 1.27 1.28 1.28 1.28 1.29 1.29 1.29 1.29 1.30 1.30 1.30 1.30 1.31 1.31 1.31 1.31 1.31 1.31 1.32 1.32 1.32 1.32 1.32 1.32 1.33 1.33 1.33 1.33 1.33 1.33 1.33 1.33 1.33 1.34 1.34 1.34 1.34 1.34 1.34 1.34 1.34
1.02 1.03 1.04 1.05 1.06 1.07 1.08 1.08 1.09 1.10 1.11 1.12 1.12 1.13 1.14 1.15 1.15 1.16 1.16 1.17 1.18 1.18 1.19 1.19 1.20 1.20 1.21 1.21 1.22 1.22 1.23 1.23 1.24 1.24 1.25 1.25 1.25 1.26 1.26 1.26 1.27 1.27 1.27 1.28 1.28 1.28 1.28 1.29 1.29 1.29 1.29 1.30 1.30 1.30 1.30 1.30 1.31 1.31 1.31 1.31 1.31 1.32 1.32 1.32 1.32 1.32 1.32 1.32 1.33 1.33 1.33 1.33 1.33 1.33 1.33 1.33 1.33 1.33 1.34 1.34 1.34
1.01 1.02 1.03 1.04 1.05 1.06 1.07 1.07 1.08 1.09 1.10 1.11 1.11 1.12 1.13 1.14 1.14 1.15 1.16 1.16 1.17 1.17 1.18 1.19 1.19 1.20 1.20 1.21 1.21 1.22 1.22 1.22 1.23 1.23 1.24 1.24 1.24 1.25 1.25 1.26 1.26 1.26 1.27 1.27 1.27 1.27 1.28 1.28 1.28 1.28 1.29 1.29 1.29 1.29 1.30 1.30 1.30 1.30 1.30 1.31 1.31 1.31 1.31 1.31 1.31 1.32 1.32 1.32 1.32 1.32 1.32 1.32 1.32 1.33 1.33 1.33 1.33 1.33 1.33 1.33 1.33
1.00 1.01 1.02 1.03 1.04 1.05 1.06 1.06 1.07 1.08 1.09 1.10 1.10 1.11 1.12 1.13 1.13 1.14 1.15 1.15 1.16 1.16 1.17 1.18 1.18 1.19 1.19 1.20 1.20 1.21 1.21 1.22 1.22 1.22 1.23 1.23 1.24 1.24 1.24 1.25 1.25 1.25 1.26 1.26 1.26 1.27 1.27 1.27 1.28 1.28 1.28 1.28 1.29 1.29 1.29 1.29 1.29 1.30 1.30 1.30 1.30 1.30 1.30 1.31 1.31 1.31 1.31 1.31 1.31 1.32 1.32 1.32 1.32 1.32 1.32 1.32 1.32 1.32 1.33 1.33 1.33
0.99 1.00 1.01 1.02 1.03 1.04 1.05 1.05 1.06 1.07 1.08 1.09 1.09 1.10 1.11 1.12 1.12 1.13 1.14 1.14 1.15 1.16 1.16 1.17 1.17 1.18 1.18 1.19 1.19 1.20 1.20 1.21 1.21 1.22 1.22 1.22 1.23 1.23 1.24 1.24 1.24 1.25 1.25 1.25 1.26 1.26 1.26 1.27 1.27 1.27 1.27 1.28 1.28 1.28 1.28 1.29 1.29 1.29 1.29 1.29 1.30 1.30 1.30 1.30 1.30 1.30 1.31 1.31 1.31 1.31 1.31 1.31 1.31 1.32 1.32 1.32 1.32 1.32 1.32 1.32 1.32
0.98 0.99 1.00 1.01 1.02 1.03 1.04 1.05 1.05 1.06 1.07 1.08 1.09 1.09 1.10 1.11 1.11 1.12 1.13 1.13 1.14 1.15 1.15 1.16 1.16 1.17 1.17 1.18 1.19 1.19 1.19 1.20 1.20 1.21 1.21 1.22 1.22 1.22 1.23 1.23 1.24 1.24 1.24 1.25 1.25 1.25 1.26 1.26 1.26 1.26 1.27 1.27 1.27 1.27 1.28 1.28 1.28 1.28 1.29 1.29 1.29 1.29 1.29 1.29 1.30 1.30 1.30 1.30 1.30 1.30 1.31 1.31 1.31 1.31 1.31 1.31 1.31 1.31 1.32 1.32 1.32
0.97 0.98 0.99 1.00 1.01 1.02 1.03 1.04 1.04 1.05 1.06 1.07 1.08 1.08 1.09 1.10 1.11 1.11 1.12 1.13 1.13 1.14 1.14 1.15 1.16 1.16 1.17 1.17 1.18 1.18 1.19 1.19 1.20 1.20 1.20 1.21 1.21 1.22 1.22 1.22 1.23 1.23 1.24 1.24 1.24 1.25 1.25 1.25 1.25 1.26 1.26 1.26 1.27 1.27 1.27 1.27 1.27 1.28 1.28 1.28 1.28 1.29 1.29 1.29 1.29 1.29 1.29 1.30 1.30 1.30 1.30 1.30 1.30 1.30 1.31 1.31 1.31 1.31 1.31 1.31 1.31
0.96 0.97 0.98 0.99 1.00 1.01 1.02 1.03 1.03 1.04 1.05 1.06 1.07 1.07 1.08 1.09 1.10 1.10 1.11 1.12 1.12 1.13 1.14 1.14 1.15 1.15 1.16 1.16 1.17 1.17 1.18 1.18 1.19 1.19 1.20 1.20 1.21 1.21 1.21 1.22 1.22 1.22 1.23 1.23 1.24 1.24 1.24 1.24 1.25 1.25 1.25 1.26 1.26 1.26 1.26 1.27 1.27 1.27 1.27 1.28 1.28 1.28 1.28 1.28 1.28 1.29 1.29 1.29 1.29 1.29 1.29 1.30 1.30 1.30 1.30 1.30 1.30 1.30 1.31 1.31 1.31
0.95 0.96 0.97 0.98 0.99 1.00 1.01 1.02 1.03 1.03 1.04 1.05 1.06 1.07 1.07 1.08 1.09 1.09 1.10 1.11 1.11 1.12 1.13 1.13 1.14 1.14 1.15 1.16 1.16 1.17 1.17 1.18 1.18 1.18 1.19 1.19 1.20 1.20 1.21 1.21 1.21 1.22 1.22 1.22 1.23 1.23 1.23 1.24 1.24 1.24 1.25 1.25 1.25 1.25 1.26 1.26 1.26 1.26 1.27 1.27 1.27 1.27 1.28 1.28 1.28 1.28 1.28 1.28 1.29 1.29 1.29 1.29 1.29 1.29 1.30 1.30 1.30 1.30 1.30 1.30 1.30
0.94 0.95 0.96 0.97 0.98 0.99 1.00 1.01 1.02 1.03 1.03 1.04 1.05 1.06 1.06 1.07 1.08 1.09 1.09 1.10 1.11 1.11 1.12 1.12 1.13 1.14 1.14 1.15 1.15 1.16 1.16 1.17 1.17 1.18 1.18 1.19 1.19 1.19 1.20 1.20 1.21 1.21 1.21 1.22 1.22 1.22 1.23 1.23 1.23 1.24 1.24 1.24 1.25 1.25 1.25 1.25 1.26 1.26 1.26 1.26 1.27 1.27 1.27 1.27 1.27 1.28 1.28 1.28 1.28 1.28 1.28 1.29 1.29 1.29 1.29 1.29 1.29 1.29 1.30 1.30 1.30
0.93 0.94 0.95 0.96 0.97 0.98 0.99 1.00 1.01 1.02 1.02 1.03 1.04 1.05 1.06 1.06 1.07 1.08 1.08 1.09 1.10 1.10 1.11 1.12 1.12 1.13 1.13 1.14 1.14 1.15 1.15 1.16 1.16 1.17 1.17 1.18 1.18 1.19 1.19 1.20 1.20 1.20 1.21 1.21 1.21 1.22 1.22 1.22 1.23 1.23 1.23 1.24 1.24 1.24 1.24 1.25 1.25 1.25 1.25 1.26 1.26 1.26 1.26 1.27 1.27 1.27 1.27 1.27 1.28 1.28 1.28 1.28 1.28 1.28 1.29 1.29 1.29 1.29 1.29 1.29 1.29
0.93 0.94 0.95 0.95 0.96 0.97 0.98 0.99 1.00 1.01 1.02 1.02 1.03 1.04 1.05 1.05 1.06 1.07 1.08 1.08 1.09 1.10 1.10 1.11 1.11 1.12 1.13 1.13 1.14 1.14 1.15 1.15 1.16 1.16 1.17 1.17 1.18 1.18 1.18 1.19 1.19 1.20 1.20 1.20 1.21 1.21 1.21 1.22 1.22 1.22 1.23 1.23 1.23 1.24 1.24 1.24 1.24 1.25 1.25 1.25 1.25 1.26 1.26 1.26 1.26 1.26 1.27 1.27 1.27 1.27 1.27 1.28 1.28 1.28 1.28 1.28 1.28 1.28 1.29 1.29 1.29
0.92 0.93 0.94 0.95 0.96 0.96 0.97 0.98 0.99 1.00 1.01 1.02 1.02 1.03 1.04 1.05 1.05 1.06 1.07 1.07 1.08 1.09 1.09 1.10 1.11 1.11 1.12 1.12 1.13 1.13 1.14 1.14 1.15 1.15 1.16 1.16 1.17 1.17 1.18 1.18 1.18 1.19 1.19 1.20 1.20 1.20 1.21 1.21 1.21 1.22 1.22 1.22 1.23 1.23 1.23 1.23 1.24 1.24 1.24 1.24 1.25 1.25 1.25 1.25 1.26 1.26 1.26 1.26 1.26 1.27 1.27 1.27 1.27 1.27 1.27 1.28 1.28 1.28 1.28 1.28 1.28
0.91 0.92 0.93 0.94 0.95 0.96 0.97 0.97 0.98 0.99 1.00 1.01 1.02 1.02 1.03 1.04 1.05 1.05 1.06 1.07 1.07 1.08 1.09 1.09 1.10 1.10 1.11 1.12 1.12 1.13 1.13 1.14 1.14 1.15 1.15 1.16 1.16 1.16 1.17 1.17 1.18 1.18 1.19 1.19 1.19 1.20 1.20 1.20 1.21 1.21 1.21 1.22 1.22 1.22 1.23 1.23 1.23 1.23 1.24 1.24 1.24 1.24 1.25 1.25 1.25 1.25 1.25 1.26 1.26 1.26 1.26 1.26 1.27 1.27 1.27 1.27 1.27 1.27 1.28 1.28 1.28
0.90 0.91 0.92 0.93 0.94 0.95 0.96 0.97 0.97 0.98 0.99 1.00 1.01 1.01 1.02 1.03 1.04 1.04 1.05 1.06 1.06 1.07 1.08 1.08 1.09 1.10 1.10 1.11 1.11 1.12 1.12 1.13 1.13 1.14 1.14 1.15 1.15 1.16 1.16 1.17 1.17 1.17 1.18 1.18 1.19 1.19 1.19 1.20 1.20 1.20 1.21 1.21 1.21 1.22 1.22 1.22 1.22 1.23 1.23 1.23 1.24 1.24 1.24 1.24 1.24 1.25 1.25 1.25 1.25 1.26 1.26 1.26 1.26 1.26 1.26 1.27 1.27 1.27 1.27 1.27 1.27
0.89 0.90 0.91 0.92 0.93 0.94 0.95 0.96 0.97 0.97 0.98 0.99 1.00 1.01 1.01 1.02 1.03 1.04 1.04 1.05 1.06 1.06 1.07 1.08 1.08 1.09 1.09 1.10 1.11 1.11 1.12 1.12 1.13 1.13 1.14 1.14 1.15 1.15 1.15 1.16 1.16 1.17 1.17 1.18 1.18 1.18 1.19 1.19 1.19 1.20 1.20 1.20 1.21 1.21 1.21 1.22 1.22 1.22 1.22 1.23 1.23 1.23 1.23 1.24 1.24 1.24 1.24 1.25 1.25 1.25 1.25 1.25 1.26 1.26 1.26 1.26 1.26 1.26 1.27 1.27 1.27
0.89 0.90 0.90 0.91 0.92 0.93 0.94 0.95 0.96 0.97 0.98 0.98 0.99 1.00 1.01 1.01 1.02 1.03 1.04 1.04 1.05 1.06 1.06 1.07 1.07 1.08 1.09 1.09 1.10 1.10 1.11 1.11 1.12 1.12 1.13 1.13 1.14 1.14 1.15 1.15 1.16 1.16 1.16 1.17 1.17 1.18 1.18 1.18 1.19 1.19 1.19 1.20 1.20 1.20 1.21 1.21 1.21 1.22 1.22 1.22 1.22 1.23 1.23 1.23 1.23 1.24 1.24 1.24 1.24 1.24 1.25 1.25 1.25 1.25 1.25 1.26 1.26 1.26 1.26 1.26 1.26
0.88 0.89 0.90 0.91 0.92 0.92 0.93 0.94 0.95 0.96 0.97 0.98 0.98 0.99 1.00 1.01 1.01 1.02 1.03 1.03 1.04 1.05 1.05 1.06 1.07 1.07 1.08 1.08 1.09 1.10 1.10 1.11 1.11 1.12 1.12 1.13 1.13 1.14 1.14 1.15 1.15 1.15 1.16 1.16 1.17 1.17 1.17 1.18 1.18 1.18 1.19 1.19 1.19 1.20 1.20 1.20 1.21 1.21 1.21 1.22 1.22 1.22 1.22 1.23 1.23 1.23 1.23 1.23 1.24 1.24 1.24 1.24 1.25 1.25 1.25 1.25 1.25 1.25 1.26 1.26 1.26
0.87 0.88 0.89 0.90 0.91 0.92 0.93 0.93 0.94 0.95 0.96 0.97 0.98 0.98 0.99 1.00 1.01 1.01 1.02 1.03 1.03 1.04 1.05 1.05 1.06 1.07 1.07 1.08 1.08 1.09 1.09 1.10 1.10 1.11 1.12 1.12 1.12 1.13 1.13 1.14 1.14 1.15 1.15 1.16 1.16 1.16 1.17 1.17 1.17 1.18 1.18 1.18 1.19 1.19 1.19 1.20 1.20 1.20 1.21 1.21 1.21 1.21 1.22 1.22 1.22 1.22 1.23 1.23 1.23 1.23 1.24 1.24 1.24 1.24 1.24 1.25 1.25 1.25 1.25 1.25 1.25
0.86 0.87 0.88 0.89 0.90 0.91 0.92 0.93 0.94 0.94 0.95 0.96 0.97 0.98 0.98 0.99 1.00 1.01 1.01 1.02 1.03 1.03 1.04 1.05 1.05 1.06 1.06 1.07 1.08 1.08 1.09 1.09 1.10 1.10 1.11 1.11 1.12 1.12 1.13 1.13 1.14 1.14 1.14 1.15 1.15 1.16 1.16 1.16 1.17 1.17 1.18 1.18 1.18 1.19 1.19 1.19 1.19 1.20 1.20 1.20 1.21 1.21 1.21 1.21 1.22 1.22 1.22 1.22 1.23 1.23 1.23 1.23 1.23 1.24 1.24 1.24 1.24 1.24 1.25 1.25 1.25
0.86 0.87 0.88 0.88 0.89 0.90 0.91 0.92 0.93 0.94 0.94 0.95 0.96 0.97 0.98 0.98 0.99 1.00 1.01 1.01 1.02 1.03 1.03 1.04 1.05 1.05 1.06 1.06 1.07 1.07 1.08 1.09 1.09 1.10 1.10 1.11 1.11 1.12 1.12 1.12 1.13 1.13 1.14 1.14 1.15 1.15 1.15 1.16 1.16 1.17 1.17 1.17 1.18 1.18 1.18 1.19 1.19 1.19 1.19 1.20 1.20 1.20 1.21 1.21 1.21 1.21 1.22 1.22 1.22 1.22 1.23 1.23 1.23 1.23 1.23 1.24 1.24 1.24 1.24 1.24 1.24
0.85 0.86 0.87 0.88 0.89 0.90 0.90 0.91 0.92 0.93 0.94 0.95 0.95 0.96 0.97 0.98 0.98 0.99 1.00 1.01 1.01 1.02 1.03 1.03 1.04 1.04 1.05 1.06 1.06 1.07 1.07 1.08 1.08 1.09 1.09 1.10 1.10 1.11 1.11 1.12 1.12 1.13 1.13 1.14 1.14 1.14 1.15 1.15 1.16 1.16 1.16 1.17 1.17 1.17 1.18 1.18 1.18 1.19 1.19 1.19 1.19 1.20 1.20 1.20 1.21 1.21 1.21 1.21 1.22 1.22 1.22 1.22 1.22 1.23 1.23 1.23 1.23 1.23 1.24 1.24 1.24
0.84 0.85 0.86 0.87 0.88 0.89 0.90 0.91 0.91 0.92 0.93 0.94 0.95 0.95 0.96 0.97 0.98 0.98 0.99 1.00 1.00 1.01 1.02 1.02 1.03 1.04 1.04 1.05 1.05 1.06 1.07 1.07 1.08 1.08 1.09 1.09 1.10 1.10 1.11 1.11 1.12 1.12 1.13 1.13 1.13 1.14 1.14 1.15 1.15 1.15 1.16 1.16 1.16 1.17 1.17 1.17 1.18 1.18 1.18 1.19 1.19 1.19 1.19 1.20 1.20 1.20 1.21 1.21 1.21 1.21 1.21 1.22 1.22 1.22 1.22 1.23 1.23 1.23 1.23 1.23 1.24
0.84 0.84 0.85 0.86 0.87 0.88 0.89 0.90 0.91 0.92 0.92 0.93 0.94 0.95 0.95 0.96 0.97 0.98 0.98 0.99 1.00 1.00 1.01 1.02 1.02 1.03 1.04 1.04 1.05 1.05 1.06 1.06 1.07 1.08 1.08 1.09 1.09 1.10 1.10 1.11 1.11 1.11 1.12 1.12 1.13 1.13 1.14 1.14 1.14 1.15 1.15 1.15 1.16 1.16 1.16 1.17 1.17 1.17 1.18 1.18 1.18 1.19 1.19 1.19 1.19 1.20 1.20 1.20 1.20 1.21 1.21 1.21 1.21 1.22 1.22 1.22 1.22 1.22 1.23 1.23 1.23
0.83 0.84 0.85 0.86 0.87 0.87 0.88 0.89 0.90 0.91 0.92 0.92 0.93 0.94 0.95 0.96 0.96 0.97 0.98 0.98 0.99 1.00 1.00 1.01 1.02 1.02 1.03 1.04 1.04 1.05 1.05 1.06 1.06 1.07 1.07 1.08 1.08 1.09 1.09 1.10 1.10 1.11 1.11 1.12 1.12 1.13 1.13 1.13 1.14 1.14 1.14 1.15 1.15 1.16 1.16 1.16 1.17 1.17 1.17 1.17 1.18 1.18 1.18 1.19 1.19 1.19 1.19 1.20 1.20 1.20 1.20 1.21 1.21 1.21 1.21 1.22 1.22 1.22 1.22 1.22 1.23
0.82 0.83 0.84 0.85 0.86 0.87 0.88 0.88 0.89 0.90 0.91 0.92 0.93 0.93 0.94 0.95 0.96 0.96 0.97 0.98 0.98 0.99 1.00 1.00 1.01 1.02 1.02 1.03 1.03 1.04 1.05 1.05 1.06 1.06 1.07 1.07 1.08 1.08 1.09 1.09 1.10 1.10 1.11 1.11 1.11 1.12 1.12 1.13 1.13 1.13 1.14 1.14 1.15 1.15 1.15 1.16 1.16 1.16 1.17 1.17 1.17 1.18 1.18 1.18 1.18 1.19 1.19 1.19 1.19 1.20 1.20 1.20 1.20 1.21 1.21 1.21 1.21 1.22 1.22 1.22 1.22
0.82 0.83 0.83 0.84 0.85 0.86 0.87 0.88 0.89 0.89 0.90 0.91 0.92 0.93 0.93 0.94 0.95 0.96 0.96 0.97 0.98 0.98 0.99 1.00 1.00 1.01 1.02 1.02 1.03 1.03 1.04 1.04 1.05 1.06 1.06 1.07 1.07 1.08 1.08 1.09 1.09 1.10 1.10 1.10 1.11 1.11 1.12 1.12 1.12 1.13 1.13 1.14 1.14 1.14 1.15 1.15 1.15 1.16 1.16 1.16 1.17 1.17 1.17 1.18 1.18 1.18 1.18 1.19 1.19 1.19 1.19 1.20 1.20 1.20 1.20 1.21 1.21 1.21 1.21 1.21 1.22
0.81 0.82 0.83 0.84 0.85 0.85 0.86 0.87 0.88 0.89 0.90 0.90 0.91 0.92 0.93 0.94 0.94 0.95 0.96 0.96 0.97 0.98 0.98 0.99 1.00 1.00 1.01 1.02 1.02 1.03 1.03 1.04 1.04 1.05 1.05 1.06 1.06 1.07 1.07 1.08 1.08 1.09 1.09 1.10 1.10 1.11 1.11 1.11 1.12 1.12 1.13 1.13 1.13 1.14 1.14 1.14 1.15 1.15 1.15 1.16 1.16 1.16 1.17 1.17 1.17 1.18 1.18 1.18 1.18 1.19 1.19 1.19 1.19 1.20 1.20 1.20 1.20 1.21 1.21 1.21 1.21
0.80 0.81 0.82 0.83 0.84 0.85 0.86 0.87 0.87 0.88 0.89 0.90 0.91 0.91 0.92 0.93 0.94 0.94 0.95 0.96 0.96 0.97 0.98 0.98 0.99 1.00 1.00 1.01 1.01 1.02 1.03 1.03 1.04 1.04 1.05 1.05 1.06 1.06 1.07 1.07 1.08 1.08 1.09 1.09 1.10 1.10 1.10 1.11 1.11 1.12 1.12 1.12 1.13 1.13 1.14 1.14 1.14 1.15 1.15 1.15 1.16 1.16 1.16 1.16 1.17 1.17 1.17 1.18 1.18 1.18 1.18 1.19 1.19 1.19 1.19 1.20 1.20 1.20 1.20 1.20 1.21
0.80 0.81 0.82 0.83 0.83 0.84 0.85 0.86 0.87 0.88 0.88 0.89 0.90 0.91 0.91 0.92 0.93 0.94 0.94 0.95 0.96 0.96 0.97 0.98 0.98 0.99 1.00 1.00 1.01 1.01 1.02 1.03 1.03 1.04 1.04 1.05 1.05 1.06 1.06 1.07 1.07 1.08 1.08 1.09 1.09 1.09 1.10 1.10 1.11 1.11 1.11 1.12 1.12 1.13 1.13 1.13 1.14 1.14 1.14 1.15 1.15 1.15 1.16 1.16 1.16 1.17 1.17 1.17 1.17 1.18 1.18 1.18 1.18 1.19 1.19 1.19 1.19 1.20 1.20 1.20 1.20
0.79 0.80 0.81 0.82 0.83 0.84 0.84 0.85 0.86 0.87 0.88 0.89 0.89 0.90 0.91 0.92 0.92 0.93 0.94 0.94 0.95 0.96 0.96 0.97 0.98 0.98 0.99 1.00 1.00 1.01 1.01 1.02 1.02 1.03 1.04 1.04 1.05 1.05 1.06 1.06 1.07 1.07 1.08 1.08 1.08 1.09 1.09 1.10 1.10 1.11 1.11 1.11 1.12 1.12 1.12 1.13 1.13 1.13 1.14 1.14 1.14 1.15 1.15 1.15 1.16 1.16 1.16 1.17 1.17 1.17 1.17 1.18 1.18 1.18 1.18 1.19 1.19 1.19 1.19 1.20 1.20
0.79 0.80 0.80 0.81 0.82 0.83 0.84 0.85 0.86 0.86 0.87 0.88 0.89 0.89 0.90 0.91 0.92 0.92 0.93 0.94 0.94 0.95 0.96 0.96 0.97 0.98 0.98 0.99 1.00 1.00 1.01 1.01 1.02 1.02 1.03 1.03 1.04 1.05 1.05 1.06 1.06 1.06 1.07 1.07 1.08 1.08 1.09 1.09 1.10 1.10 1.10 1.11 1.11 1.11 1.12 1.12 1.13 1.13 1.13 1.14 1.14 1.14 1.15 1.15 1.15 1.15 1.16 1.16 1.16 1.17 1.17 1.17 1.17 1.18 1.18 1.18 1.18 1.19 1.19 1.19 1.19
0.78 0.79 0.80 0.81 0.82 0.82 0.83 0.84 0.85 0.86 0.87 0.87 0.88 0.89 0.90 0.90 0.91 0.92 0.92 0.93 0.94 0.95 0.95 0.96 0.96 0.97 0.98 0.98 0.99 1.00 1.00 1.01 1.01 1.02 1.02 1.03 1.03 1.04 1.04 1.05 1.05 1.06 1.06 1.07 1.07 1.08 1.08 1.09 1.09 1.09 1.10 1.10 1.11 1.11 1.11 1.12 1.12 1.12 1.13 1.13 1.13 1.14 1.14 1.14 1.15 1.15 1.15 1.16 1.16 1.16 1.16 1.17 1.17 1.17 1.17 1.18 1.18 1.18 1.18 1.19 1.19
0.78 0.78 0.79 0.80 0.81 0.82 0.83 0.84 0.84 0.85 0.86 0.87 0.87 0.88 0.89 0.90 0.90 0.91 0.92 0.93 0.93 0.94 0.95 0.95 0.96 0.97 0.97 0.98 0.98 0.99 1.00 1.00 1.01 1.01 1.02 1.02 1.03 1.03 1.04 1.04 1.05 1.05 1.06 1.06 1.07 1.07 1.08 1.08 1.08 1.09 1.09 1.10 1.10 1.10 1.11 1.11 1.11 1.12 1.12 1.13 1.13 1.13 1.14 1.14 1.14 1.14 1.15 1.15 1.15 1.16 1.16 1.16 1.16 1.17 1.17 1.17 1.17 1.18 1.18 1.18 1.18
