rdr6min/data/rdr6min/output.asc
NCOLS          501       
NROWS          501       
XLLCENTER      6.00      
YLLCENTER      5.00      
DX             1.00      
DY             1.00      
NODATA_VALUE   -999.00   
[rows 72 to 107 of 501, columns 243 to 323 of 501]
0.30 0.30 0.31 0.32 0.32 0.33 0.33 0.34 0.34 0.35 0.35 0.36 0.36 0.37 0.37 0.38 0.38 0.39 0.40 0.40 0.41 0.41 0.42 0.42 0.43 0.43 0.44 0.44 0.45 0.46 0.46 0.47 0.47 0.48 0.48 0.49 0.49 0.50 0.50 0.51 0.51 0.52 0.52 0.53 0.54 0.54 0.55 0.55 0.56 0.56 0.57 0.57 0.58 0.58 0.59 0.59 0.60 0.60 0.61 0.61 0.62 0.62 0.62 0.63 0.63 0.64 0.64 0.65 0.65 0.66 0.66 0.67 0.67 0.68 0.68 0.69 0.69 0.69 0.70 0.70 0.71
0.30 0.30 0.31 0.31 0.32 0.33 0.33 0.34 0.34 0.35 0.35 0.36 0.36 0.37 0.37 0.38 0.39 0.39 0.40 0.40 0.41 0.41 0.42 0.42 0.43 0.43 0.44 0.45 0.45 0.46 0.46 0.47 0.47 0.48 0.48 0.49 0.49 0.50 0.50 0.51 0.52 0.52 0.53 0.53 0.54 0.54 0.55 0.55 0.56 0.56 0.57 0.57 0.58 0.58 0.59 0.59 0.60 0.60 0.61 0.61 0.62 0.62 0.63 0.63 0.64 0.64 0.65 0.65 0.66 0.66 0.66 0.67 0.67 0.68 0.68 0.69 0.69 0.70 0.70 0.70 0.71
0.30 0.30 0.31 0.31 0.32 0.33 0.33 0.34 0.34 0.35 0.35 0.36 0.36 0.37 0.37 0.38 0.39 0.39 0.40 0.40 0.41 0.41 0.42 0.42 0.43 0.44 0.44 0.45 0.45 0.46 0.46 0.47 0.47 0.48 0.48 0.49 0.50 0.50 0.51 0.51 0.52 0.52 0.53 0.53 0.54 0.54 0.55 0.55 0.56 0.56 0.57 0.57 0.58 0.58 0.59 0.59 0.60 0.60 0.61 0.61 0.62 0.62 0.63 0.63 0.64 0.64 0.65 0.65 0.66 0.66 0.67 0.67 0.68 0.68 0.68 0.69 0.69 0.70 0.70 0.71 0.71
0.30 0.30 0.31 0.31 0.32 0.32 0.33 0.34 0.34 0.35 0.35 0.36 0.36 0.37 0.37 0.38 0.39 0.39 0.40 0.40 0.41 0.41 0.42 0.42 0.43 0.44 0.44 0.45 0.45 0.46 0.46 0.47 0.47 0.48 0.49 0.49 0.50 0.50 0.51 0.51 0.52 0.52 0.53 0.53 0.54 0.54 0.55 0.56 0.56 0.57 0.57 0.58 0.58 0.59 0.59 0.60 0.60 0.61 0.61 0.62 0.62 0.63 0.63 0.64 0.64 0.64 0.65 0.65 0.66 0.66 0.67 0.67 0.68 0.68 0.69 0.69 0.70 0.70 0.70 0.71 0.71
0.30 0.30 0.31 0.31 0.32 0.32 0.33 0.34 0.34 0.35 0.35 0.36 0.36 0.37 0.37 0.38 0.39 0.39 0.40 0.40 0.41 0.41 0.42 0.43 0.43 0.44 0.44 0.45 0.45 0.46 0.46 0.47 0.48 0.48 0.49 0.49 0.50 0.50 0.51 0.51 0.52 0.52 0.53 0.54 0.54 0.55 0.55 0.56 0.56 0.57 0.57 0.58 0.58 0.59 0.59 0.60 0.60 0.61 0.61 0.62 0.62 0.63 0.63 0.64 0.64 0.65 0.65 0.66 0.66 0.67 0.67 0.67 0.68 0.68 0.69 0.69 0.70 0.70 0.71 0.71 0.72
0.30 0.30 0.31 0.31 0.32 0.32 0.33 0.34 0.34 0.35 0.35 0.36 0.36 0.37 0.38 0.38 0.39 0.39 0.40 0.40 0.41 0.41 0.42 0.43 0.43 0.44 0.44 0.45 0.45 0.46 0.47 0.47 0.48 0.48 0.49 0.49 0.50 0.50 0.51 0.52 0.52 0.53 0.53 0.54 0.54 0.55 0.55 0.56 0.56 0.57 0.57 0.58 0.58 0.59 0.59 0.60 0.60 0.61 0.61 0.62 0.62 0.63 0.63 0.64 0.64 0.65 0.65 0.66 0.66 0.67 0.67 0.68 0.68 0.69 0.69 0.70 0.70 0.70 0.71 0.71 0.72
0.30 0.30 0.31 0.31 0.32 0.32 0.33 0.34 0.34 0.35 0.35 0.36 0.36 0.37 0.38 0.38 0.39 0.39 0.40 0.40 0.41 0.42 0.42 0.43 0.43 0.44 0.44 0.45 0.46 0.46 0.47 0.47 0.48 0.48 0.49 0.49 0.50 0.51 0.51 0.52 0.52 0.53 0.53 0.54 0.54 0.55 0.55 0.56 0.57 0.57 0.58 0.58 0.59 0.59 0.60 0.60 0.61 0.61 0.62 0.62 0.63 0.63 0.64 0.64 0.65 0.65 0.66 0.66 0.66 0.67 0.67 0.68 0.68 0.69 0.69 0.70 0.70 0.71 0.71 0.72 0.72
0.30 0.30 0.31 0.31 0.32 0.32 0.33 0.34 0.34 0.35 0.35 0.36 0.36 0.37 0.38 0.38 0.39 0.39 0.40 0.40 0.41 0.42 0.42 0.43 0.43 0.44 0.44 0.45 0.46 0.46 0.47 0.47 0.48 0.48 0.49 0.50 0.50 0.51 0.51 0.52 0.52 0.53 0.53 0.54 0.55 0.55 0.56 0.56 0.57 0.57 0.58 0.58 0.59 0.59 0.60 0.60 0.61 0.61 0.62 0.62 0.63 0.63 0.64 0.64 0.65 0.65 0.66 0.66 0.67 0.67 0.68 0.68 0.69 0.69 0.70 0.70 0.70 0.71 0.71 0.72 0.72
0.30 0.30 0.31 0.31 0.32 0.32 0.33 0.34 0.34 0.35 0.35 0.36 0.36 0.37 0.38 0.38 0.39 0.39 0.40 0.41 0.41 0.42 0.42 0.43 0.43 0.44 0.45 0.45 0.46 0.46 0.47 0.47 0.48 0.49 0.49 0.50 0.50 0.51 0.51 0.52 0.53 0.53 0.54 0.54 0.55 0.55 0.56 0.56 0.57 0.57 0.58 0.58 0.59 0.59 0.60 0.61 0.61 0.62 0.62 0.63 0.63 0.64 0.64 0.65 0.65 0.65 0.66 0.66 0.67 0.67 0.68 0.68 0.69 0.69 0.70 0.70 0.71 0.71 0.72 0.72 0.72
0.30 0.30 0.31 0.31 0.32 0.32 0.33 0.34 0.34 0.35 0.35 0.36 0.36 0.37 0.38 0.38 0.39 0.39 0.40 0.41 0.41 0.42 0.42 0.43 0.44 0.44 0.45 0.45 0.46 0.46 0.47 0.48 0.48 0.49 0.49 0.50 0.50 0.51 0.52 0.52 0.53 0.53 0.54 0.54 0.55 0.55 0.56 0.57 0.57 0.58 0.58 0.59 0.59 0.60 0.60 0.61 0.61 0.62 0.62 0.63 0.63 0.64 0.64 0.65 0.65 0.66 0.66 0.67 0.67 0.68 0.68 0.69 0.69 0.69 0.70 0.70 0.71 0.71 0.72 0.72 0.73
0.30 0.30 0.31 0.31 0.32 0.32 0.33 0.34 0.34 0.35 0.35 0.36 0.36 0.37 0.38 0.38 0.39 0.39 0.40 0.41 0.41 0.42 0.42 0.43 0.44 0.44 0.45 0.45 0.46 0.47 0.47 0.48 0.48 0.49 0.49 0.50 0.51 0.51 0.52 0.52 0.53 0.53 0.54 0.55 0.55 0.56 0.56 0.57 0.57 0.58 0.58 0.59 0.59 0.60 0.60 0.61 0.61 0.62 0.62 0.63 0.63 0.64 0.64 0.65 0.65 0.66 0.66 0.67 0.67 0.68 0.68 0.69 0.69 0.70 0.70 0.71 0.71 0.72 0.72 0.72 0.73
0.29 0.30 0.31 0.31 0.32 0.32 0.33 0.34 0.34 0.35 0.35 0.36 0.37 0.37 0.38 0.38 0.39 0.40 0.40 0.41 0.41 0.42 0.43 0.43 0.44 0.44 0.45 0.45 0.46 0.47 0.47 0.48 0.48 0.49 0.50 0.50 0.51 0.51 0.52 0.52 0.53 0.54 0.54 0.55 0.55 0.56 0.56 0.57 0.57 0.58 0.58 0.59 0.60 0.60 0.61 0.61 0.62 0.62 0.63 0.63 0.64 0.64 0.65 0.65 0.66 0.66 0.67 0.67 0.68 0.68 0.69 0.69 0.69 0.70 0.70 0.71 0.71 0.72 0.72 0.73 0.73
0.29 0.30 0.31 0.31 0.32 0.32 0.33 0.34 0.34 0.35 0.35 0.36 0.37 0.37 0.38 0.38 0.39 0.40 0.40 0.41 0.41 0.42 0.43 0.43 0.44 0.44 0.45 0.46 0.46 0.47 0.47 0.48 0.49 0.49 0.50 0.50 0.51 0.51 0.52 0.53 0.53 0.54 0.54 0.55 0.55 0.56 0.57 0.57 0.58 0.58 0.59 0.59 0.60 0.60 0.61 0.61 0.62 0.62 0.63 0.63 0.64 0.64 0.65 0.65 0.66 0.66 0.67 0.67 0.68 0.68 0.69 0.69 0.70 0.70 0.71 0.71 0.72 0.72 0.72 0.73 0.73
0.29 0.30 0.31 0.31 0.32 0.32 0.33 0.34 0.34 0.35 0.35 0.36 0.37 0.37 0.38 0.38 0.39 0.40 0.40 0.41 0.41 0.42 0.43 0.43 0.44 0.45 0.45 0.46 0.46 0.47 0.48 0.48 0.49 0.49 0.50 0.50 0.51 0.52 0.52 0.53 0.53 0.54 0.54 0.55 0.56 0.56 0.57 0.57 0.58 0.58 0.59 0.59 0.60 0.60 0.61 0.62 0.62 0.63 0.63 0.64 0.64 0.65 0.65 0.66 0.66 0.67 0.67 0.68 0.68 0.69 0.69 0.69 0.70 0.70 0.71 0.71 0.72 0.72 0.73 0.73 0.74
0.29 0.30 0.31 0.31 0.32 0.32 0.33 0.34 0.34 0.35 0.35 0.36 0.37 0.37 0.38 0.38 0.39 0.40 0.40 0.41 0.42 0.42 0.43 0.43 0.44 0.45 0.45 0.46 0.46 0.47 0.48 0.48 0.49 0.49 0.50 0.51 0.51 0.52 0.52 0.53 0.54 0.54 0.55 0.55 0.56 0.56 0.57 0.57 0.58 0.59 0.59 0.60 0.60 0.61 0.61 0.62 0.62 0.63 0.63 0.64 0.64 0.65 0.65 0.66 0.66 0.67 0.67 0.68 0.68 0.69 0.69 0.70 0.70 0.71 0.71 0.72 0.72 0.72 0.73 0.73 0.74
0.29 0.30 0.31 0.31 0.32 0.32 0.33 0.34 0.34 0.35 0.35 0.36 0.37 0.37 0.38 0.39 0.39 0.40 0.40 0.41 0.42 0.42 0.43 0.44 0.44 0.45 0.45 0.46 0.47 0.47 0.48 0.48 0.49 0.50 0.50 0.51 0.51 0.52 0.53 0.53 0.54 0.54 0.55 0.55 0.56 0.57 0.57 0.58 0.58 0.59 0.59 0.60 0.60 0.61 0.61 0.62 0.62 0.63 0.64 0.64 0.65 0.65 0.66 0.66 0.67 0.67 0.68 0.68 0.68 0.69 0.69 0.70 0.70 0.71 0.71 0.72 0.72 0.73 0.73 0.74 0.74
0.29 0.30 0.30 0.31 0.32 0.32 0.33 0.34 0.34 0.35 0.35 0.36 0.37 0.37 0.38 0.39 0.39 0.40 0.40 0.41 0.42 0.42 0.43 0.44 0.44 0.45 0.45 0.46 0.47 0.47 0.48 0.49 0.49 0.50 0.50 0.51 0.52 0.52 0.53 0.53 0.54 0.54 0.55 0.56 0.56 0.57 0.57 0.58 0.58 0.59 0.59 0.60 0.61 0.61 0.62 0.62 0.63 0.63 0.64 0.64 0.65 0.65 0.66 0.66 0.67 0.67 0.68 0.68 0.69 0.69 0.70 0.70 0.71 0.71 0.72 0.72 0.72 0.73 0.73 0.74 0.74
0.29 0.30 0.30 0.31 0.32 0.32 0.33 0.34 0.34 0.35 0.35 0.36 0.37 0.37 0.38 0.39 0.39 0.40 0.41 0.41 0.42 0.42 0.43 0.44 0.44 0.45 0.46 0.46 0.47 0.47 0.48 0.49 0.49 0.50 0.51 0.51 0.52 0.52 0.53 0.53 0.54 0.55 0.55 0.56 0.56 0.57 0.57 0.58 0.59 0.59 0.60 0.60 0.61 0.61 0.62 0.62 0.63 0.63 0.64 0.64 0.65 0.65 0.66 0.67 0.67 0.67 0.68 0.68 0.69 0.69 0.70 0.70 0.71 0.71 0.72 0.72 0.73 0.73 0.74 0.74 0.75
0.29 0.30 0.30 0.31 0.32 0.32 0.33 0.34 0.34 0.35 0.36 0.36 0.37 0.37 0.38 0.39 0.39 0.40 0.41 0.41 0.42 0.43 0.43 0.44 0.44 0.45 0.46 0.46 0.47 0.48 0.48 0.49 0.49 0.50 0.51 0.51 0.52 0.52 0.53 0.54 0.54 0.55 0.55 0.56 0.57 0.57 0.58 0.58 0.59 0.59 0.60 0.60 0.61 0.62 0.62 0.63 0.63 0.64 0.64 0.65 0.65 0.66 0.66 0.67 0.67 0.68 0.68 0.69 0.69 0.70 0.70 0.71 0.71 0.72 0.72 0.73 0.73 0.73 0.74 0.74 0.75
0.29 0.30 0.30 0.31 0.32 0.32 0.33 0.34 0.34 0.35 0.36 0.36 0.37 0.38 0.38 0.39 0.39 0.40 0.41 0.41 0.42 0.43 0.43 0.44 0.45 0.45 0.46 0.47 0.47 0.48 0.48 0.49 0.50 0.50 0.51 0.51 0.52 0.53 0.53 0.54 0.54 0.55 0.56 0.56 0.57 0.57 0.58 0.58 0.59 0.60 0.60 0.61 0.61 0.62 0.62 0.63 0.63 0.64 0.64 0.65 0.65 0.66 0.66 0.67 0.67 0.68 0.68 0.69 0.69 0.70 0.70 0.71 0.71 0.72 0.72 0.73 0.73 0.74 0.74 0.75 0.75
0.29 0.30 0.30 0.31 0.32 0.32 0.33 0.34 0.34 0.35 0.36 0.36 0.37 0.38 0.38 0.39 0.40 0.40 0.41 0.42 0.42 0.43 0.43 0.44 0.45 0.45 0.46 0.47 0.47 0.48 0.49 0.49 0.50 0.50 0.51 0.52 0.52 0.53 0.53 0.54 0.55 0.55 0.56 0.56 0.57 0.58 0.58 0.59 0.59 0.60 0.60 0.61 0.61 0.62 0.63 0.63 0.64 0.64 0.65 0.65 0.66 0.66 0.67 0.67 0.68 0.68 0.69 0.69 0.70 0.70 0.71 0.71 0.72 0.72 0.73 0.73 0.74 0.74 0.74 0.75 0.75
0.29 0.30 0.30 0.31 0.32 0.32 0.33 0.34 0.34 0.35 0.36 0.36 0.37 0.38 0.38 0.39 0.40 0.40 0.41 0.42 0.42 0.43 0.44 0.44 0.45 0.46 0.46 0.47 0.47 0.48 0.49 0.49 0.50 0.51 0.51 0.52 0.52 0.53 0.54 0.54 0.55 0.55 0.56 0.57 0.57 0.58 0.58 0.59 0.60 0.60 0.61 0.61 0.62 0.62 0.63 0.63 0.64 0.64 0.65 0.65 0.66 0.66 0.67 0.67 0.68 0.68 0.69 0.69 0.70 0.70 0.71 0.71 0.72 0.72 0.73 0.73 0.74 0.74 0.75 0.75 0.76
0.29 0.30 0.30 0.31 0.32 0.32 0.33 0.34 0.34 0.35 0.36 0.36 0.37 0.38 0.38 0.39 0.40 0.40 0.41 0.42 0.42 0.43 0.44 0.44 0.45 0.46 0.46 0.47 0.48 0.48 0.49 0.50 0.50 0.51 0.51 0.52 0.53 0.53 0.54 0.55 0.55 0.56 0.56 0.57 0.57 0.58 0.59 0.59 0.60 0.60 0.61 0.61 0.62 0.63 0.63 0.64 0.64 0.65 0.65 0.66 0.66 0.67 0.67 0.68 0.68 0.69 0.69 0.70 0.70 0.71 0.71 0.72 0.72 0.73 0.73 0.74 0.74 0.74 0.75 0.75 0.76
0.29 0.30 0.30 0.31 0.32 0.32 0.33 0.34 0.34 0.35 0.36 0.36 0.37 0.38 0.38 0.39 0.40 0.41 0.41 0.42 0.43 0.43 0.44 0.45 0.45 0.46 0.47 0.47 0.48 0.48 0.49 0.50 0.50 0.51 0.52 0.52 0.53 0.54 0.54 0.55 0.55 0.56 0.57 0.57 0.58 0.58 0.59 0.59 0.60 0.61 0.61 0.62 0.62 0.63 0.63 0.64 0.64 0.65 0.65 0.66 0.66 0.67 0.67 0.68 0.69 0.69 0.70 0.70 0.70 0.71 0.71 0.72 0.72 0.73 0.73 0.74 0.74 0.75 0.75 0.76 0.76
0.29 0.30 0.30 0.31 0.32 0.32 0.33 0.34 0.34 0.35 0.36 0.36 0.37 0.38 0.39 0.39 0.40 0.41 0.41 0.42 0.43 0.43 0.44 0.45 0.45 0.46 0.47 0.47 0.48 0.49 0.49 0.50 0.51 0.51 0.52 0.52 0.53 0.54 0.54 0.55 0.56 0.56 0.57 0.57 0.58 0.59 0.59 0.60 0.60 0.61 0.61 0.62 0.62 0.63 0.64 0.64 0.65 0.65 0.66 0.66 0.67 0.67 0.68 0.68 0.69 0.69 0.70 0.70 0.71 0.71 0.72 0.72 0.73 0.73 0.74 0.74 0.75 0.75 0.75 0.76 0.76
0.29 0.30 0.30 0.31 0.32 0.32 0.33 0.34 0.34 0.35 0.36 0.37 0.37 0.38 0.39 0.39 0.40 0.41 0.41 0.42 0.43 0.43 0.44 0.45 0.46 0.46 0.47 0.48 0.48 0.49 0.49 0.50 0.51 0.51 0.52 0.53 0.53 0.54 0.55 0.55 0.56 0.56 0.57 0.58 0.58 0.59 0.59 0.60 0.60 0.61 0.62 0.62 0.63 0.63 0.64 0.64 0.65 0.65 0.66 0.66 0.67 0.68 0.68 0.69 0.69 0.70 0.70 0.71 0.71 0.72 0.72 0.72 0.73 0.73 0.74 0.74 0.75 0.75 0.76 0.76 0.77
0.29 0.30 0.30 0.31 0.32 0.32 0.33 0.34 0.35 0.35 0.36 0.37 0.37 0.38 0.39 0.39 0.40 0.41 0.42 0.42 0.43 0.44 0.44 0.45 0.46 0.46 0.47 0.48 0.48 0.49 0.50 0.50 0.51 0.52 0.52 0.53 0.54 0.54 0.55 0.55 0.56 0.57 0.57 0.58 0.58 0.59 0.60 0.60 0.61 0.61 0.62 0.62 0.63 0.64 0.64 0.65 0.65 0.66 0.66 0.67 0.67 0.68 0.68 0.69 0.69 0.70 0.70 0.71 0.71 0.72 0.72 0.73 0.73 0.74 0.74 0.75 0.75 0.76 0.76 0.76 0.77
0.29 0.30 0.30 0.31 0.32 0.32 0.33 0.34 0.35 0.35 0.36 0.37 0.37 0.38 0.39 0.40 0.40 0.41 0.42 0.42 0.43 0.44 0.44 0.45 0.46 0.47 0.47 0.48 0.49 0.49 0.50 0.51 0.51 0.52 0.53 0.53 0.54 0.54 0.55 0.56 0.56 0.57 0.57 0.58 0.59 0.59 0.60 0.60 0.61 0.62 0.62 0.63 0.63 0.64 0.64 0.65 0.65 0.66 0.67 0.67 0.68 0.68 0.69 0.69 0.70 0.70 0.71 0.71 0.72 0.72 0.73 0.73 0.74 0.74 0.74 0.75 0.75 0.76 0.76 0.77 0.77
0.29 0.30 0.30 0.31 0.32 0.32 0.33 0.34 0.35 0.35 0.36 0.37 0.38 0.38 0.39 0.40 0.40 0.41 0.42 0.43 0.43 0.44 0.45 0.45 0.46 0.47 0.47 0.48 0.49 0.49 0.50 0.51 0.51 0.52 0.53 0.53 0.54 0.55 0.55 0.56 0.57 0.57 0.58 0.58 0.59 0.60 0.60 0.61 0.61 0.62 0.62 0.63 0.64 0.64 0.65 0.65 0.66 0.66 0.67 0.67 0.68 0.68 0.69 0.69 0.70 0.70 0.71 0.71 0.72 0.72 0.73 0.73 0.74 0.74 0.75 0.75 0.76 0.76 0.77 0.77 0.77
0.29 0.30 0.30 0.31 0.32 0.33 0.33 0.34 0.35 0.35 0.36 0.37 0.38 0.38 0.39 0.40 0.41 0.41 0.42 0.43 0.43 0.44 0.45 0.46 0.46 0.47 0.48 0.48 0.49 0.50 0.50 0.51 0.52 0.52 0.53 0.54 0.54 0.55 0.56 0.56 0.57 0.57 0.58 0.59 0.59 0.60 0.60 0.61 0.62 0.62 0.63 0.63 0.64 0.64 0.65 0.65 0.66 0.67 0.67 0.68 0.68 0.69 0.69 0.70 0.70 0.71 0.71 0.72 0.72 0.73 0.73 0.74 0.74 0.75 0.75 0.75 0.76 0.76 0.77 0.77 0.78
0.29 0.30 0.30 0.31 0.32 0.33 0.33 0.34 0.35 0.36 0.36 0.37 0.38 0.38 0.39 0.40 0.41 0.41 0.42 0.43 0.44 0.44 0.45 0.46 0.46 0.47 0.48 0.49 0.49 0.50 0.51 0.51 0.52 0.53 0.53 0.54 0.55 0.55 0.56 0.56 0.57 0.58 0.58 0.59 0.60 0.60 0.61 0.61 0.62 0.62 0.63 0.64 0.64 0.65 0.65 0.66 0.66 0.67 0.67 0.68 0.68 0.69 0.69 0.70 0.70 0.71 0.71 0.72 0.72 0.73 0.73 0.74 0.74 0.75 0.75 0.76 0.76 0.77 0.77 0.78 0.78
0.29 0.30 0.30 0.31 0.32 0.33 0.33 0.34 0.35 0.36 0.36 0.37 0.38 0.39 0.39 0.40 0.41 0.42 0.42 0.43 0.44 0.44 0.45 0.46 0.47 0.47 0.48 0.49 0.49 0.50 0.51 0.51 0.52 0.53 0.53 0.54 0.55 0.55 0.56 0.57 0.57 0.58 0.59 0.59 0.60 0.60 0.61 0.62 0.62 0.63 0.63 0.64 0.64 0.65 0.66 0.66 0.67 0.67 0.68 0.68 0.69 0.69 0.70 0.70 0.71 0.71 0.72 0.72 0.73 0.73 0.74 0.74 0.75 0.75 0.76 0.76 0.77 0.77 0.77 0.78 0.78
0.29 0.30 0.30 0.31 0.32 0.33 0.33 0.34 0.35 0.36 0.36 0.37 0.38 0.39 0.39 0.40 0.41 0.42 0.42 0.43 0.44 0.45 0.45 0.46 0.47 0.48 0.48 0.49 0.50 0.50 0.51 0.52 0.52 0.53 0.54 0.54 0.55 0.56 0.56 0.57 0.58 0.58 0.59 0.59 0.60 0.61 0.61 0.62 0.62 0.63 0.64 0.64 0.65 0.65 0.66 0.66 0.67 0.67 0.68 0.68 0.69 0.70 0.70 0.71 0.71 0.72 0.72 0.73 0.73 0.74 0.74 0.74 0.75 0.75 0.76 0.76 0.77 0.77 0.78 0.78 0.79
0.29 0.30 0.30 0.31 0.32 0.33 0.33 0.34 0.35 0.36 0.37 0.37 0.38 0.39 0.40 0.40 0.41 0.42 0.43 0.43 0.44 0.45 0.46 0.46 0.47 0.48 0.49 0.49 0.50 0.51 0.51 0.52 0.53 0.53 0.54 0.55 0.55 0.56 0.57 0.57 0.58 0.59 0.59 0.60 0.60 0.61 0.62 0.62 0.63 0.63 0.64 0.64 0.65 0.66 0.66 0.67 0.67 0.68 0.68 0.69 0.69 0.70 0.70 0.71 0.71 0.72 0.72 0.73 0.73 0.74 0.74 0.75 0.75 0.76 0.76 0.77 0.77 0.78 0.78 0.78 0.79
0.29 0.30 0.30 0.31 0.32 0.33 0.34 0.34 0.35 0.36 0.37 0.37 0.38 0.39 0.40 0.41 0.41 0.42 0.43 0.44 0.44 0.45 0.46 0.47 0.47 0.48 0.49 0.49 0.50 0.51 0.52 0.52 0.53 0.54 0.54 0.55 0.56 0.56 0.57 0.58 0.58 0.59 0.59 0.60 0.61 0.61 0.62 0.62 0.63 0.64 0.64 0.65 0.65 0.66 0.66 0.67 0.68 0.68 0.69 0.69 0.70 0.70 0.71 0.71 0.72 0.72 0.73 0.73 0.74 0.74 0.75 0.75 0.76 0.76 0.76 0.77 0.77 0.78 0.78 0.79 0.79
0.29 0.30 0.30 0.31 0.32 0.33 0.34 0.34 0.35 0.36 0.37 0.38 0.38 0.39 0.40 0.41 0.41 0.42 0.43 0.44 0.45 0.45 0.46 0.47 0.48 0.48 0.49 0.50 0.50 0.51 0.52 0.53 0.53 0.54 0.55 0.55 0.56 0.57 0.57 0.58 0.59 0.59 0.60 0.60 0.61 0.62 0.62 0.63 0.63 0.64 0.65 0.65 0.66 0.66 0.67 0.67 0.68 0.68 0.69 0.69 0.70 0.70 0.71 0.71 0.72 0.72 0.73 0.73 0.74 0.74 0.75 0.75 0.76 0.76 0.77 0.77 0.78 0.78 0.79 0.79 0.80
